CGATS.17
ORIGINATOR	"ColorGATE"
FILE_DESCRIPTOR	"CMYKOG Advanced Linearization Target"
CREATED	"2022-10-24T09:33:27+02:00"
LGOROWLENGTH	20
KEYWORD	"INFO"
INFO	"Linearization target with an accurate characteristic in the ranges 0..30% and 80..100%."
INSTRUMENTATION	"X-Rite i1Pro2"
KEYWORD	"ILLUMINATION_NAME"
ILLUMINATION_NAME	"D50"
KEYWORD	"OBSERVER_ANGLE"
OBSERVER_ANGLE	"2"
KEYWORD	"MEASURE_CONDITION"
MEASURE_CONDITION	"M0"
NUMBER_OF_FIELDS	45
NUMBER_OF_SETS	240
BEGIN_DATA_FORMAT
SAMPLE_ID	SAMPLE_NAME	PC6_1	PC6_2	PC6_3	PC6_4	PC6_5	PC6_6	SPECTRAL_NM_380	SPECTRAL_NM_390	SPECTRAL_NM_400	SPECTRAL_NM_410	SPECTRAL_NM_420	SPECTRAL_NM_430	SPECTRAL_NM_440	SPECTRAL_NM_450	SPECTRAL_NM_460	SPECTRAL_NM_470	SPECTRAL_NM_480	SPECTRAL_NM_490	SPECTRAL_NM_500	SPECTRAL_NM_510	SPECTRAL_NM_520	SPECTRAL_NM_530	SPECTRAL_NM_540	SPECTRAL_NM_550	SPECTRAL_NM_560	SPECTRAL_NM_570	SPECTRAL_NM_580	SPECTRAL_NM_590	SPECTRAL_NM_600	SPECTRAL_NM_610	SPECTRAL_NM_620	SPECTRAL_NM_630	SPECTRAL_NM_640	SPECTRAL_NM_650	SPECTRAL_NM_660	SPECTRAL_NM_670	SPECTRAL_NM_680	SPECTRAL_NM_690	SPECTRAL_NM_700	SPECTRAL_NM_710	SPECTRAL_NM_720	SPECTRAL_NM_730	IGNORESAMPLE
END_DATA_FORMAT
BEGIN_DATA
1	Cyan_0	0	0	0	0	0	0	0.4483	0.5011	0.563	0.6955	0.8231	0.8619	0.8721	0.8691	0.8635	0.8618	0.8602	0.8595	0.8595	0.8603	0.8621	0.8622	0.8635	0.8648	0.8646	0.8689	0.8705	0.8738	0.8769	0.8811	0.8856	0.8903	0.8964	0.9016	0.9054	0.9083	0.9102	0.9113	0.9149	0.9171	0.9184	0.9207	0
2	Cyan_1	1.18	0	0	0	0	0	0.4283	0.4833	0.5486	0.6772	0.8007	0.8422	0.8579	0.8587	0.8544	0.8535	0.8513	0.8491	0.8462	0.8423	0.8378	0.8287	0.8199	0.8092	0.7964	0.7895	0.783	0.7806	0.7788	0.7794	0.782	0.7862	0.7921	0.7987	0.8048	0.8081	0.8091	0.8081	0.808	0.8084	0.8119	0.8198	0
3	Cyan_3	3.14	0	0	0	0	0	0.3757	0.4386	0.5094	0.6353	0.7535	0.7996	0.8245	0.8332	0.8331	0.8346	0.8327	0.829	0.8226	0.8125	0.7975	0.7742	0.7475	0.7164	0.6818	0.6557	0.6357	0.6238	0.614	0.6087	0.6089	0.6125	0.6192	0.6288	0.6393	0.6444	0.6433	0.6388	0.6333	0.6302	0.6377	0.656	0
4	Cyan_5	5.1	0	0	0	0	0	0.3297	0.3969	0.4728	0.5996	0.7207	0.7731	0.8062	0.8196	0.8221	0.8237	0.8206	0.8144	0.804	0.7875	0.7628	0.7272	0.6865	0.6397	0.5897	0.5506	0.522	0.5041	0.4894	0.4808	0.4797	0.4833	0.4906	0.5022	0.5155	0.5217	0.5198	0.5132	0.5048	0.5	0.5095	0.534	0
5	Cyan_7	7.06	0	0	0	0	0	0.2951	0.3646	0.4448	0.5689	0.686	0.7429	0.7826	0.8015	0.8071	0.8103	0.8069	0.7991	0.7856	0.764	0.7316	0.6866	0.6355	0.5778	0.5176	0.4702	0.4364	0.4152	0.398	0.3874	0.3854	0.3887	0.3962	0.4087	0.4232	0.4301	0.4275	0.4197	0.4094	0.4038	0.4146	0.4426	0
6	Cyan_9	9.02	0	0	0	0	0	0.2614	0.3346	0.4164	0.5394	0.6551	0.7142	0.7594	0.7831	0.7917	0.7958	0.7921	0.7827	0.7665	0.7404	0.7014	0.6487	0.5898	0.5244	0.4571	0.4045	0.3679	0.3449	0.3264	0.3149	0.3126	0.3158	0.3231	0.3358	0.3507	0.3578	0.3549	0.3469	0.3359	0.3295	0.3407	0.3699	0
7	Cyan_11	10.98	0	0	0	0	0	0.2334	0.3092	0.3945	0.5145	0.6251	0.6862	0.737	0.7655	0.7762	0.782	0.7782	0.7674	0.7486	0.7184	0.6737	0.6146	0.549	0.4776	0.4055	0.3494	0.3112	0.2875	0.2687	0.257	0.2546	0.2576	0.2647	0.2773	0.2923	0.2999	0.2968	0.2883	0.2771	0.2708	0.282	0.3122	0
8	Cyan_13	12.94	0	0	0	0	0	0.2097	0.2871	0.3736	0.4918	0.6004	0.6635	0.7193	0.7514	0.7649	0.7715	0.7673	0.7554	0.7342	0.7003	0.6507	0.5861	0.5155	0.4396	0.3643	0.3063	0.2674	0.2435	0.2247	0.213	0.2106	0.2136	0.2204	0.2328	0.2476	0.255	0.2519	0.2435	0.2323	0.2263	0.2373	0.2676	0
9	Cyan_15	14.9	0	0	0	0	0	0.1872	0.2649	0.3534	0.4703	0.5785	0.6437	0.7041	0.7399	0.7547	0.7621	0.7572	0.7434	0.7192	0.6812	0.6266	0.557	0.4821	0.4029	0.3256	0.2667	0.2282	0.2049	0.1866	0.1755	0.1731	0.1759	0.1823	0.1942	0.2084	0.2155	0.2126	0.2045	0.1938	0.1878	0.1985	0.2278	0
10	Cyan_17	16.86	0	0	0	0	0	0.1703	0.2471	0.3351	0.4505	0.5556	0.6223	0.6857	0.7245	0.7411	0.7494	0.7446	0.7297	0.7041	0.6634	0.6055	0.5327	0.455	0.3737	0.2956	0.2369	0.1991	0.1765	0.159	0.1483	0.1461	0.1487	0.1546	0.1657	0.1795	0.1865	0.1836	0.1758	0.1654	0.1598	0.1701	0.1982	0
11	Cyan_20	20	0	0	0	0	0	0.1423	0.2172	0.3051	0.418	0.5211	0.5902	0.6589	0.7021	0.7215	0.7311	0.7258	0.709	0.6802	0.6351	0.572	0.4942	0.4127	0.3292	0.2509	0.1933	0.1573	0.1361	0.1203	0.1107	0.1086	0.1109	0.1162	0.1263	0.1388	0.1453	0.1425	0.1354	0.1258	0.1208	0.1302	0.1565	0
12	Cyan_25	25.1	0	0	0	0	0	0.1128	0.1852	0.2734	0.3831	0.4813	0.5525	0.6282	0.6774	0.7002	0.711	0.7047	0.685	0.6517	0.6008	0.5303	0.4467	0.3613	0.2763	0.1994	0.1451	0.1127	0.09431	0.081	0.0731	0.0713	0.07309	0.07738	0.08566	0.09617	0.1015	0.09931	0.09347	0.08542	0.08127	0.08926	0.1121	0
13	Cyan_30	30.2	0	0	0	0	0	0.08924	0.1582	0.2431	0.3496	0.446	0.5201	0.6013	0.6559	0.6817	0.6936	0.6861	0.6637	0.6266	0.5703	0.4943	0.4061	0.3182	0.233	0.1588	0.1087	0.08036	0.06497	0.05441	0.04818	0.0468	0.04823	0.05154	0.05822	0.06696	0.0714	0.06956	0.06469	0.05839	0.05509	0.06194	0.0818	0
14	Cyan_35	34.9	0	0	0	0	0	0.07574	0.1413	0.2254	0.3288	0.4218	0.4969	0.582	0.6402	0.6683	0.681	0.6726	0.6483	0.6084	0.5487	0.4691	0.3783	0.2891	0.2046	0.133	0.08648	0.06129	0.0482	0.03933	0.03434	0.0332	0.03436	0.03694	0.04237	0.04964	0.05355	0.05184	0.04773	0.04248	0.0403	0.04603	0.06282	0
15	Cyan_40	40	0	0	0	0	0	0.06007	0.1222	0.2032	0.3036	0.3944	0.4703	0.5582	0.6198	0.6501	0.6643	0.6558	0.6301	0.5878	0.5252	0.4425	0.3498	0.2601	0.1769	0.1088	0.06644	0.04477	0.03397	0.02699	0.02321	0.02242	0.0233	0.02522	0.02929	0.03493	0.03811	0.03679	0.03337	0.02938	0.02755	0.03247	0.04682	0
16	Cyan_45	45.1	0	0	0	0	0	0.04991	0.108	0.1863	0.2836	0.3703	0.4471	0.5385	0.6037	0.636	0.6505	0.6413	0.6137	0.5688	0.5034	0.418	0.3239	0.2345	0.1535	0.08945	0.05145	0.03308	0.02446	0.01915	0.01632	0.01572	0.01637	0.01774	0.02065	0.02513	0.02763	0.02649	0.02393	0.0208	0.01965	0.02375	0.03539	0
17	Cyan_50	50.2	0	0	0	0	0	0.04126	0.09543	0.1722	0.2669	0.3521	0.4277	0.521	0.5883	0.6226	0.6383	0.6285	0.5998	0.5534	0.4859	0.3989	0.3041	0.2152	0.1361	0.07566	0.04119	0.02532	0.0183	0.01413	0.01196	0.01163	0.01208	0.01302	0.01534	0.01891	0.02086	0.02	0.01797	0.01552	0.01478	0.01814	0.02787	0
18	Cyan_55	54.9	0	0	0	0	0	0.03665	0.08625	0.159	0.2493	0.3316	0.4076	0.503	0.5728	0.6086	0.6249	0.615	0.5852	0.5369	0.4674	0.3787	0.2833	0.1952	0.1188	0.06237	0.0319	0.0188	0.01322	0.01017	0.008714	0.008406	0.008802	0.009423	0.01096	0.01349	0.01502	0.01435	0.01273	0.01111	0.01098	0.01366	0.02145	0
19	Cyan_60	60	0	0	0	0	0	0.03134	0.07677	0.1474	0.2355	0.3162	0.3919	0.4889	0.5603	0.5977	0.6146	0.6042	0.5734	0.5238	0.4528	0.3632	0.2677	0.1805	0.1064	0.05336	0.026	0.01484	0.01042	0.008112	0.007012	0.006726	0.007071	0.007431	0.008611	0.01046	0.01186	0.01116	0.009888	0.008731	0.008741	0.01093	0.01774	0
20	Cyan_65	65.1	0	0	0	0	0	0.02718	0.06911	0.1355	0.2202	0.2981	0.3736	0.4721	0.5454	0.5837	0.6012	0.5901	0.5577	0.5064	0.4339	0.3434	0.2483	0.163	0.09226	0.0437	0.02003	0.01113	0.007795	0.00622	0.005547	0.005365	0.005529	0.00578	0.006393	0.007776	0.008739	0.008208	0.007283	0.006623	0.006976	0.008767	0.01395	0
21	Cyan_70	70.2	0	0	0	0	0	0.02729	0.06292	0.1274	0.2077	0.2825	0.3565	0.4554	0.5305	0.5699	0.588	0.5769	0.5439	0.4915	0.4179	0.3265	0.2317	0.1481	0.0808	0.03644	0.01627	0.009091	0.006632	0.005558	0.005097	0.004965	0.004995	0.005063	0.005547	0.006602	0.007002	0.006746	0.006365	0.005894	0.00639	0.007981	0.01228	0
22	Cyan_75	74.9	0	0	0	0	0	0.02324	0.05667	0.1166	0.194	0.2676	0.3415	0.4413	0.518	0.559	0.5775	0.5657	0.5316	0.4777	0.4029	0.311	0.2168	0.1348	0.07065	0.03012	0.01286	0.007208	0.005433	0.004771	0.004461	0.004446	0.004443	0.004357	0.004642	0.005321	0.005594	0.005411	0.005013	0.004956	0.005619	0.007181	0.01062	0
23	Cyan_80	80	0	0	0	0	0	0.02016	0.05069	0.1109	0.1861	0.2578	0.331	0.4315	0.509	0.5505	0.5697	0.5579	0.5232	0.4689	0.3936	0.3015	0.2078	0.127	0.06476	0.0266	0.011	0.006145	0.004783	0.004282	0.004201	0.004112	0.004069	0.00393	0.00408	0.004496	0.004602	0.004582	0.004496	0.004439	0.005068	0.006415	0.00922	0
24	Cyan_83	83.14	0	0	0	0	0	0.01939	0.04815	0.1067	0.1811	0.2523	0.3259	0.4264	0.5047	0.5464	0.5656	0.5537	0.5184	0.4637	0.3879	0.2957	0.2024	0.1225	0.06149	0.02479	0.01016	0.005809	0.004516	0.004219	0.004028	0.004006	0.003905	0.003774	0.003853	0.004286	0.004358	0.004234	0.004155	0.004095	0.004948	0.006292	0.008776	0
25	Cyan_85	85.1	0	0	0	0	0	0.01825	0.047	0.1034	0.1762	0.2462	0.3188	0.4192	0.4974	0.5397	0.5592	0.5473	0.5122	0.4573	0.3817	0.29	0.1973	0.1182	0.05854	0.02316	0.009461	0.005495	0.004362	0.004116	0.003993	0.003976	0.003879	0.003769	0.003824	0.004165	0.004327	0.004286	0.004178	0.004139	0.004991	0.00618	0.008579	0
26	Cyan_86	85.88	0	0	0	0	0	0.01832	0.04754	0.1035	0.1764	0.2467	0.3196	0.4203	0.4982	0.5405	0.5599	0.548	0.5128	0.4578	0.3821	0.2902	0.1974	0.1184	0.05869	0.0233	0.009584	0.005637	0.004466	0.004161	0.004074	0.004077	0.003959	0.003819	0.003949	0.004263	0.004407	0.004183	0.004068	0.004032	0.004841	0.006183	0.008454	0
27	Cyan_87	87.06	0	0	0	0	0	0.01846	0.04543	0.1005	0.1721	0.242	0.3147	0.4154	0.4937	0.5361	0.5557	0.5437	0.5081	0.4531	0.3772	0.2853	0.193	0.1145	0.05596	0.02175	0.008727	0.005184	0.004234	0.004016	0.003984	0.003904	0.003796	0.003633	0.003623	0.003841	0.003995	0.003901	0.003722	0.004006	0.004771	0.005918	0.008164	0
28	Cyan_88	87.84	0	0	0	0	0	0.01804	0.04649	0.102	0.1733	0.2423	0.3155	0.416	0.4943	0.5369	0.557	0.5452	0.51	0.4549	0.379	0.287	0.1943	0.1157	0.05666	0.02205	0.008863	0.005176	0.004181	0.003935	0.00384	0.003884	0.003745	0.003601	0.003601	0.003881	0.003949	0.003869	0.003782	0.003779	0.004705	0.005991	0.008376	0
29	Cyan_89	89.02	0	0	0	0	0	0.01742	0.04415	0.09842	0.1693	0.2383	0.3102	0.411	0.4899	0.5326	0.5527	0.5406	0.5052	0.4498	0.3737	0.2819	0.1896	0.1118	0.054	0.02064	0.008268	0.004989	0.004127	0.003864	0.003857	0.003827	0.003713	0.003575	0.003506	0.003692	0.003717	0.003688	0.003703	0.003778	0.004811	0.005855	0.007677	0
30	Cyan_90	90.2	0	0	0	0	0	0.01814	0.04443	0.09917	0.1695	0.2371	0.3092	0.4097	0.4882	0.531	0.551	0.5389	0.5033	0.4478	0.3718	0.2801	0.1881	0.1106	0.05328	0.02031	0.008111	0.004952	0.004115	0.003962	0.003878	0.003859	0.003714	0.00361	0.003575	0.003744	0.003837	0.003673	0.003662	0.003754	0.00458	0.005781	0.008035	0
31	Cyan_91	90.98	0	0	0	0	0	0.01683	0.04282	0.09631	0.1664	0.2346	0.3067	0.4074	0.486	0.5289	0.5491	0.537	0.5013	0.4458	0.3697	0.2781	0.1861	0.109	0.05212	0.01974	0.007928	0.004796	0.004014	0.003849	0.003897	0.003889	0.003722	0.003536	0.003456	0.003667	0.003581	0.003565	0.003502	0.003693	0.004587	0.005559	0.007648	0
32	Cyan_92	92.16	0	0	0	0	0	0.01472	0.04206	0.09533	0.1649	0.2326	0.3045	0.4061	0.4858	0.5291	0.5491	0.5371	0.501	0.4451	0.3685	0.2764	0.1842	0.1071	0.05077	0.01904	0.007614	0.004711	0.004004	0.00379	0.003818	0.003842	0.003668	0.003527	0.003464	0.003671	0.003591	0.003489	0.003582	0.003688	0.004482	0.005535	0.007679	0
33	Cyan_93	92.94	0	0	0	0	0	0.0174	0.04153	0.09492	0.1649	0.232	0.3038	0.4055	0.4853	0.5285	0.5489	0.5367	0.5007	0.4445	0.3677	0.2754	0.1832	0.1062	0.05011	0.0187	0.007471	0.00469	0.004075	0.003878	0.003878	0.003804	0.003732	0.003543	0.003474	0.003582	0.003646	0.003598	0.003665	0.003768	0.004521	0.005574	0.00768	0
34	Cyan_94	94.12	0	0	0	0	0	0.01597	0.04107	0.09392	0.1629	0.2288	0.3016	0.4041	0.4843	0.5274	0.5478	0.5352	0.4986	0.4421	0.3648	0.2723	0.1802	0.1038	0.04847	0.01793	0.007205	0.004557	0.003949	0.003851	0.003824	0.003742	0.00356	0.003462	0.003407	0.003473	0.003458	0.003438	0.00352	0.003702	0.004536	0.005604	0.007491	0
35	Cyan_95	94.9	0	0	0	0	0	0.01595	0.04012	0.09287	0.1622	0.2286	0.3001	0.4022	0.4823	0.5257	0.546	0.5335	0.4971	0.4405	0.3634	0.271	0.1793	0.103	0.04787	0.01758	0.007043	0.004577	0.003918	0.003834	0.003862	0.003837	0.003731	0.00349	0.003375	0.00348	0.003463	0.00344	0.003724	0.003769	0.00456	0.005682	0.00732	0
36	Cyan_96	96.08	0	0	0	0	0	0.01776	0.04042	0.09063	0.1582	0.2242	0.2957	0.3973	0.4778	0.5217	0.5423	0.5297	0.4935	0.4367	0.3592	0.2671	0.1755	0.1	0.04602	0.01671	0.006713	0.004416	0.003943	0.003921	0.003824	0.003793	0.003706	0.003412	0.003354	0.003437	0.003321	0.003367	0.003658	0.0037	0.004555	0.005596	0.007235	0
37	Cyan_97	96.86	0	0	0	0	0	0.01495	0.0388	0.09013	0.1579	0.2241	0.2953	0.3966	0.4768	0.5205	0.5413	0.5292	0.4928	0.4364	0.3593	0.2673	0.176	0.1005	0.04623	0.0168	0.006818	0.004388	0.003807	0.003776	0.003855	0.003779	0.003664	0.003472	0.003352	0.003397	0.003426	0.003357	0.003497	0.003672	0.004479	0.005531	0.007372	0
38	Cyan_98	98.04	0	0	0	0	0	0.01402	0.03795	0.08793	0.1545	0.2201	0.2919	0.394	0.4748	0.5191	0.5398	0.5269	0.4898	0.4327	0.3552	0.2629	0.1716	0.09682	0.04386	0.01563	0.006304	0.004239	0.003783	0.003683	0.003727	0.003747	0.003539	0.00333	0.003345	0.003325	0.003175	0.003239	0.003305	0.003326	0.004329	0.005654	0.007129	0
39	Cyan_99	98.82	0	0	0	0	0	0.01354	0.03566	0.08714	0.1538	0.2196	0.2915	0.3939	0.4747	0.5186	0.5394	0.5266	0.4896	0.4324	0.3548	0.2625	0.1715	0.09683	0.04392	0.01564	0.006279	0.004221	0.003744	0.003678	0.003689	0.003644	0.003528	0.003329	0.003225	0.003256	0.003197	0.003215	0.003252	0.003388	0.004232	0.005288	0.006947	0
40	Cyan_100	100	0	0	0	0	0	0.013	0.03537	0.08421	0.1503	0.2159	0.2875	0.3898	0.4709	0.5153	0.5361	0.5233	0.486	0.4285	0.3506	0.2584	0.1677	0.09372	0.04187	0.01467	0.005957	0.004037	0.003625	0.003639	0.003671	0.003662	0.003453	0.00331	0.003134	0.00308	0.00291	0.002952	0.003034	0.003296	0.004187	0.005262	0.00677	0
41	Magenta_0	0	0	0	0	0	0	0.4563	0.5111	0.5775	0.709	0.8365	0.8727	0.8823	0.8787	0.8719	0.8694	0.867	0.8656	0.8649	0.865	0.8662	0.8655	0.8663	0.867	0.8666	0.8708	0.8719	0.8748	0.8774	0.8815	0.8857	0.8898	0.8954	0.9005	0.9043	0.907	0.9088	0.9099	0.9132	0.9154	0.9168	0.9188	0
42	Magenta_1	0	1.18	0	0	0	0	0.439	0.4926	0.559	0.6883	0.8122	0.847	0.8521	0.8436	0.8315	0.8227	0.8133	0.8046	0.7977	0.7912	0.7817	0.7706	0.7681	0.7707	0.7698	0.7762	0.7934	0.8227	0.8484	0.8659	0.877	0.8847	0.8918	0.8978	0.9019	0.9047	0.9071	0.9082	0.9115	0.914	0.9154	0.9172	0
43	Magenta_3	0	3.14	0	0	0	0	0.4188	0.474	0.5391	0.6605	0.7731	0.8004	0.7992	0.7845	0.7653	0.7484	0.7293	0.7102	0.6949	0.6791	0.6544	0.6285	0.6218	0.6276	0.6269	0.6368	0.6779	0.7465	0.8063	0.8435	0.8639	0.8755	0.8844	0.8911	0.8952	0.8983	0.8999	0.9009	0.9044	0.9067	0.9079	0.9098	0
44	Magenta_5	0	5.1	0	0	0	0	0.3996	0.4509	0.5145	0.6312	0.7407	0.7656	0.7591	0.7385	0.7129	0.6893	0.6627	0.6355	0.6143	0.5924	0.558	0.5234	0.5141	0.5214	0.5203	0.5319	0.587	0.681	0.7657	0.8195	0.8494	0.8656	0.8768	0.8845	0.8897	0.893	0.8951	0.8967	0.9003	0.9027	0.9042	0.906	0
45	Magenta_7	0	7.06	0	0	0	0	0.3792	0.4299	0.4935	0.6055	0.7096	0.7309	0.7205	0.6952	0.6648	0.6358	0.603	0.5698	0.5438	0.5172	0.4755	0.4342	0.4229	0.4317	0.4308	0.4437	0.51	0.6252	0.7312	0.7995	0.8374	0.858	0.8713	0.8799	0.8852	0.8889	0.8915	0.8934	0.8967	0.8993	0.9005	0.9026	0
46	Magenta_9	0	9.02	0	0	0	0	0.3634	0.4114	0.4758	0.5818	0.6782	0.6952	0.6808	0.652	0.6177	0.5854	0.5485	0.5112	0.4821	0.4523	0.4059	0.3609	0.3488	0.3584	0.3576	0.3716	0.4454	0.576	0.6988	0.7791	0.824	0.8479	0.8625	0.8717	0.8776	0.881	0.8833	0.8848	0.8882	0.8906	0.8917	0.8939	0
47	Magenta_11	0	10.98	0	0	0	0	0.3436	0.3903	0.4529	0.5547	0.6491	0.6631	0.6455	0.614	0.577	0.5415	0.5013	0.4611	0.4299	0.3981	0.3488	0.3019	0.2894	0.2993	0.2986	0.3128	0.3909	0.5318	0.668	0.7594	0.8114	0.8392	0.856	0.8664	0.8726	0.8766	0.8793	0.8809	0.8847	0.8872	0.8881	0.8904	0
48	Magenta_13	0	12.94	0	0	0	0	0.3256	0.372	0.4345	0.5345	0.6247	0.6358	0.6167	0.5823	0.5423	0.5045	0.4616	0.4192	0.3863	0.353	0.3016	0.2536	0.2411	0.2513	0.2509	0.2653	0.3462	0.4954	0.6428	0.7436	0.8026	0.8342	0.8531	0.8644	0.8711	0.8755	0.8781	0.8799	0.8834	0.8859	0.8875	0.8898	0
49	Magenta_15	0	14.9	0	0	0	0	0.3152	0.3606	0.4219	0.5165	0.6017	0.6116	0.5902	0.5535	0.5118	0.4728	0.4284	0.3845	0.3512	0.3173	0.2655	0.2179	0.2056	0.2159	0.2155	0.2298	0.3111	0.4649	0.62	0.7289	0.7937	0.8292	0.8495	0.8614	0.8687	0.8728	0.876	0.8777	0.8816	0.8844	0.8857	0.8883	0
50	Magenta_17	0	16.86	0	0	0	0	0.2982	0.3419	0.4026	0.495	0.5787	0.5873	0.5647	0.527	0.4838	0.4434	0.3981	0.3534	0.3193	0.2851	0.2336	0.187	0.1752	0.1848	0.1845	0.1984	0.2793	0.4355	0.5962	0.7113	0.7811	0.82	0.8422	0.8552	0.8632	0.8676	0.8713	0.8731	0.877	0.8801	0.8815	0.8835	0
51	Magenta_20	0	20	0	0	0	0	0.28	0.3223	0.3819	0.4677	0.5444	0.5498	0.5248	0.4855	0.4414	0.3999	0.3536	0.3084	0.2744	0.2408	0.1906	0.1463	0.1353	0.1443	0.1442	0.1573	0.2361	0.3938	0.562	0.6858	0.7626	0.806	0.8308	0.845	0.8533	0.8582	0.8621	0.8644	0.868	0.8712	0.8725	0.8741	0
52	Magenta_25	0	25.1	0	0	0	0	0.2524	0.2945	0.3534	0.4337	0.5016	0.5032	0.4754	0.4348	0.3901	0.3477	0.3011	0.2562	0.2228	0.1904	0.1435	0.104	0.09424	0.1021	0.1021	0.1137	0.1876	0.3452	0.5221	0.6578	0.7454	0.7961	0.8248	0.8409	0.8501	0.8553	0.8592	0.8617	0.8654	0.8683	0.8697	0.8718	0
53	Magenta_30	0	30.2	0	0	0	0	0.2316	0.2732	0.3305	0.4049	0.4666	0.4661	0.4364	0.3948	0.3493	0.307	0.2606	0.2165	0.1844	0.1539	0.1108	0.07568	0.06756	0.07421	0.0741	0.08441	0.1524	0.3058	0.4864	0.6297	0.7246	0.7806	0.8123	0.8299	0.8397	0.8452	0.8492	0.8517	0.8552	0.8584	0.8593	0.861	0
54	Magenta_35	0	34.9	0	0	0	0	0.2183	0.2572	0.3139	0.3837	0.442	0.4395	0.4089	0.367	0.3214	0.2789	0.233	0.19	0.159	0.1296	0.08972	0.05838	0.05119	0.05689	0.05696	0.06619	0.1298	0.2809	0.4662	0.6178	0.7206	0.7823	0.8177	0.8373	0.8482	0.8542	0.8585	0.861	0.865	0.8682	0.8696	0.8725	0
55	Magenta_40	0	40	0	0	0	0	0.1988	0.2362	0.2921	0.3604	0.4151	0.4113	0.3804	0.3384	0.2926	0.2503	0.2053	0.1635	0.1338	0.1066	0.07039	0.04324	0.03715	0.04185	0.04192	0.04988	0.1075	0.2532	0.4398	0.5972	0.7067	0.7736	0.8124	0.8337	0.8456	0.8519	0.8566	0.8596	0.8638	0.8671	0.8683	0.8714	0
56	Magenta_45	0	45.1	0	0	0	0	0.1834	0.2176	0.2724	0.3383	0.3913	0.3872	0.3555	0.3127	0.2673	0.2255	0.1815	0.1411	0.1129	0.08753	0.05523	0.03211	0.02707	0.03074	0.03084	0.03779	0.08952	0.2289	0.4158	0.5784	0.694	0.7663	0.8084	0.8318	0.8448	0.8519	0.857	0.8601	0.8644	0.8682	0.8694	0.8728	0
57	Magenta_50	0	50.2	0	0	0	0	0.1697	0.2048	0.2579	0.3197	0.3689	0.3633	0.3314	0.2888	0.2438	0.2028	0.1603	0.1218	0.0954	0.07224	0.0435	0.02395	0.02004	0.02286	0.02298	0.02889	0.07525	0.2081	0.3942	0.5606	0.6815	0.7583	0.8031	0.8282	0.8419	0.8496	0.8546	0.8576	0.862	0.8658	0.8675	0.8706	0
58	Magenta_55	0	54.9	0	0	0	0	0.1603	0.1943	0.2454	0.3039	0.3491	0.3423	0.3101	0.2681	0.2242	0.1844	0.1436	0.1068	0.08207	0.06083	0.03539	0.01863	0.01531	0.01764	0.01772	0.02275	0.06462	0.1915	0.3764	0.5456	0.671	0.7515	0.7989	0.8253	0.84	0.848	0.8535	0.8566	0.8608	0.8646	0.8664	0.8699	0
59	Magenta_60	0	60	0	0	0	0	0.1513	0.1839	0.2345	0.289	0.3309	0.3238	0.291	0.2492	0.206	0.1673	0.1276	0.09276	0.06962	0.0504	0.02807	0.01429	0.01162	0.01335	0.01349	0.01779	0.05479	0.1748	0.3576	0.5295	0.6592	0.7434	0.7933	0.8211	0.8363	0.8445	0.8502	0.8533	0.8578	0.8615	0.8631	0.867	0
60	Magenta_65	0	65.1	0	0	0	0	0.1435	0.1749	0.2233	0.2756	0.3153	0.3074	0.2746	0.2334	0.1908	0.1529	0.1146	0.08136	0.05984	0.04225	0.02284	0.01124	0.009042	0.01033	0.0105	0.01405	0.04695	0.1605	0.3403	0.5134	0.646	0.7333	0.7856	0.8149	0.831	0.8398	0.8458	0.8494	0.854	0.8578	0.8598	0.8628	0
61	Magenta_70	0	70.2	0	0	0	0	0.1365	0.1653	0.212	0.2601	0.2934	0.2831	0.2503	0.2098	0.1689	0.1326	0.09673	0.06644	0.04729	0.03216	0.01643	0.007765	0.006227	0.007078	0.007046	0.009864	0.03752	0.1428	0.3206	0.4982	0.6376	0.7303	0.7862	0.8179	0.8346	0.8438	0.8494	0.8528	0.8575	0.8608	0.8623	0.8667	1
62	Magenta_75	0	74.9	0	0	0	0	0.1294	0.1574	0.204	0.2502	0.2818	0.2714	0.2388	0.1988	0.1587	0.1235	0.08909	0.06013	0.0422	0.0284	0.01424	0.00681	0.00548	0.006107	0.006083	0.008585	0.0338	0.1347	0.3103	0.4889	0.6308	0.7265	0.7845	0.8173	0.8346	0.8445	0.8498	0.8534	0.8581	0.8616	0.8631	0.8681	0
63	Magenta_80	0	80	0	0	0	0	0.1252	0.1522	0.1984	0.2428	0.2741	0.264	0.2315	0.1916	0.1523	0.1177	0.08391	0.05595	0.03868	0.02554	0.01258	0.006171	0.004948	0.00545	0.005436	0.007683	0.0312	0.1288	0.3023	0.481	0.6244	0.7215	0.7808	0.8144	0.8323	0.8422	0.848	0.8516	0.8565	0.86	0.8617	0.8665	0
64	Magenta_83	0	83.14	0	0	0	0	0.12	0.1481	0.1926	0.2368	0.267	0.2563	0.2243	0.1851	0.1463	0.1123	0.07936	0.05233	0.03581	0.02357	0.01148	0.005559	0.004601	0.004995	0.004993	0.007012	0.02902	0.1235	0.2947	0.4734	0.6175	0.7157	0.7758	0.8098	0.8277	0.8377	0.8436	0.8472	0.8518	0.8556	0.857	0.8613	0
65	Magenta_85	0	85.1	0	0	0	0	0.1202	0.1452	0.1891	0.2322	0.2628	0.2522	0.2201	0.1812	0.1427	0.1087	0.07648	0.05017	0.03416	0.02229	0.01094	0.005461	0.004468	0.004733	0.004745	0.006694	0.02779	0.1202	0.2902	0.469	0.6138	0.7132	0.7741	0.8089	0.827	0.8374	0.8432	0.8471	0.8521	0.856	0.8574	0.8615	0
66	Magenta_86	0	85.88	0	0	0	0	0.1179	0.1427	0.1863	0.2288	0.2583	0.2485	0.2166	0.1783	0.1402	0.1068	0.07487	0.04869	0.03309	0.02159	0.01053	0.005321	0.004344	0.004617	0.004628	0.006481	0.0271	0.1186	0.288	0.4669	0.6124	0.7123	0.7738	0.8087	0.8272	0.8375	0.8436	0.8477	0.8525	0.8562	0.8577	0.8616	0
67	Magenta_87	0	87.06	0	0	0	0	0.1168	0.1411	0.1845	0.2267	0.2567	0.2463	0.2145	0.1761	0.138	0.105	0.07339	0.04759	0.03221	0.02087	0.01025	0.005256	0.004375	0.004554	0.004587	0.006358	0.02639	0.1162	0.2843	0.4625	0.608	0.7084	0.7698	0.8046	0.8234	0.8335	0.8401	0.8441	0.849	0.8531	0.8548	0.8584	0
68	Magenta_88	0	87.84	0	0	0	0	0.1161	0.1411	0.1839	0.2251	0.2554	0.2452	0.2131	0.1744	0.1362	0.1033	0.07189	0.04629	0.0311	0.02012	0.009873	0.005025	0.004106	0.004332	0.004325	0.006068	0.02558	0.1146	0.2824	0.4614	0.6081	0.7093	0.7716	0.807	0.8258	0.8361	0.8428	0.8468	0.8517	0.8558	0.8573	0.8613	0
69	Magenta_89	0	89.02	0	0	0	0	0.1143	0.1401	0.1817	0.2232	0.2519	0.2412	0.2095	0.1714	0.1341	0.1012	0.07007	0.04495	0.03005	0.01931	0.009495	0.004922	0.004073	0.004212	0.004269	0.005901	0.02498	0.113	0.2802	0.4595	0.6066	0.7084	0.771	0.8066	0.8256	0.8358	0.8424	0.8465	0.8516	0.8556	0.8573	0.8613	0
70	Magenta_90	0	90.2	0	0	0	0	0.1104	0.136	0.177	0.2184	0.2477	0.2373	0.2058	0.168	0.1308	0.09848	0.06795	0.04334	0.02884	0.0184	0.009068	0.004809	0.003969	0.004072	0.004027	0.005708	0.02401	0.1103	0.2753	0.453	0.5991	0.7004	0.7628	0.7982	0.8173	0.8275	0.8342	0.8384	0.8433	0.8474	0.8487	0.8515	0
71	Magenta_91	0	90.98	0	0	0	0	0.1109	0.1363	0.1784	0.2192	0.2484	0.238	0.2059	0.1679	0.1306	0.09827	0.06759	0.04301	0.02859	0.01822	0.008936	0.004769	0.003923	0.004057	0.004035	0.005648	0.02385	0.1096	0.2751	0.4537	0.6013	0.704	0.7676	0.8036	0.8231	0.8337	0.8405	0.8448	0.8498	0.8541	0.8556	0.8593	0
72	Magenta_92	0	92.16	0	0	0	0	0.1098	0.1351	0.1773	0.2178	0.2452	0.2342	0.2023	0.1647	0.1277	0.09558	0.06552	0.04141	0.02726	0.01747	0.008579	0.004579	0.003789	0.003897	0.003959	0.005449	0.02303	0.1077	0.2725	0.4516	0.6002	0.7038	0.7678	0.804	0.8235	0.8339	0.8409	0.845	0.8497	0.8539	0.8556	0.8592	0
73	Magenta_93	0	92.94	0	0	0	0	0.1058	0.1314	0.174	0.2139	0.2428	0.2325	0.201	0.1633	0.1264	0.09418	0.06413	0.04033	0.02655	0.01683	0.008239	0.004486	0.003777	0.003808	0.003844	0.005254	0.02239	0.1059	0.2702	0.4498	0.5992	0.704	0.7688	0.8058	0.8258	0.837	0.8439	0.8483	0.8534	0.8576	0.8594	0.8633	0
74	Magenta_94	0	94.12	0	0	0	0	0.107	0.1309	0.1724	0.2124	0.2409	0.2305	0.1986	0.161	0.1243	0.09236	0.06269	0.03929	0.02578	0.01622	0.007901	0.004305	0.0038	0.003814	0.003727	0.005135	0.02189	0.1047	0.269	0.4492	0.5996	0.7053	0.771	0.8083	0.8282	0.8391	0.8459	0.8503	0.8554	0.8595	0.8615	0.8663	0
75	Magenta_95	0	94.9	0	0	0	0	0.1074	0.1315	0.1721	0.2118	0.2384	0.2277	0.1961	0.1587	0.1222	0.09066	0.06146	0.0383	0.02501	0.01584	0.007833	0.004409	0.003712	0.003742	0.003741	0.005096	0.0214	0.1031	0.2663	0.4464	0.5973	0.7034	0.7692	0.8067	0.8267	0.8376	0.8444	0.8487	0.8537	0.858	0.86	0.8648	0
76	Magenta_96	0	96.08	0	0	0	0	0.1042	0.1284	0.1682	0.2078	0.2354	0.2248	0.1936	0.1565	0.12	0.08884	0.05984	0.03708	0.0241	0.01507	0.007434	0.004289	0.003589	0.003634	0.003627	0.00498	0.02074	0.1011	0.2635	0.4433	0.5945	0.701	0.7673	0.8049	0.8253	0.8364	0.8436	0.8478	0.853	0.8571	0.859	0.8637	0
77	Magenta_97	0	96.86	0	0	0	0	0.1039	0.129	0.168	0.2057	0.2334	0.2227	0.1917	0.1547	0.1185	0.08762	0.05896	0.03645	0.02366	0.0149	0.007409	0.00419	0.003674	0.003626	0.003637	0.004925	0.02031	0.09959	0.261	0.4406	0.5925	0.6998	0.7667	0.805	0.8259	0.8373	0.8444	0.8489	0.8541	0.8587	0.8608	0.8657	0
78	Magenta_98	0	98.04	0	0	0	0	0.1027	0.1248	0.1652	0.2045	0.2322	0.2221	0.1907	0.1537	0.1172	0.08637	0.05791	0.03564	0.02308	0.01455	0.007224	0.004181	0.003534	0.003549	0.003545	0.00481	0.01987	0.09837	0.259	0.4386	0.5907	0.6987	0.7662	0.8049	0.826	0.8375	0.8448	0.8493	0.8548	0.8591	0.8613	0.866	0
79	Magenta_99	0	98.82	0	0	0	0	0.1011	0.1233	0.1642	0.2028	0.2289	0.2185	0.1874	0.1507	0.1149	0.08423	0.05635	0.03455	0.02227	0.01394	0.006955	0.004015	0.003528	0.003446	0.003446	0.004685	0.01938	0.09695	0.2573	0.4375	0.5904	0.6991	0.7671	0.8058	0.8268	0.8381	0.845	0.8494	0.8549	0.8592	0.861	0.866	0
80	Magenta_100	0	100	0	0	0	0	0.09922	0.1228	0.163	0.2009	0.2277	0.2169	0.1857	0.1492	0.1135	0.08323	0.05537	0.03377	0.0217	0.01353	0.006801	0.00411	0.003506	0.003476	0.003482	0.004634	0.01895	0.09539	0.2549	0.4348	0.5879	0.6969	0.765	0.8039	0.825	0.8363	0.8435	0.8478	0.8533	0.8575	0.8595	0.8644	0
81	Yellow_0	0	0	0	0	0	0	0.4579	0.5087	0.5745	0.708	0.839	0.8783	0.8877	0.8835	0.8764	0.8732	0.8702	0.8684	0.8672	0.8669	0.8673	0.8662	0.8666	0.867	0.8661	0.8702	0.8712	0.874	0.8769	0.881	0.8852	0.8893	0.8955	0.9009	0.9048	0.9077	0.9095	0.9109	0.9141	0.9165	0.9179	0.9203	0
82	Yellow_1	0	0	1.18	0	0	0	0.432	0.4753	0.5313	0.6461	0.7546	0.7831	0.7915	0.7864	0.7813	0.7949	0.8216	0.8415	0.85	0.8542	0.8575	0.8583	0.8598	0.8612	0.8608	0.8653	0.867	0.87	0.873	0.8771	0.8815	0.8861	0.8921	0.8974	0.9015	0.9042	0.9062	0.9074	0.9109	0.9132	0.9146	0.9172	0
83	Yellow_3	0	0	3.14	0	0	0	0.4008	0.4323	0.4681	0.5515	0.6254	0.6378	0.6444	0.6378	0.6341	0.675	0.7496	0.8039	0.8272	0.8373	0.8441	0.8473	0.8504	0.8529	0.8532	0.8581	0.8602	0.8638	0.8669	0.8706	0.8747	0.8791	0.885	0.8903	0.8938	0.8967	0.8986	0.8996	0.9028	0.9049	0.9058	0.9084	0
84	Yellow_5	0	0	5.1	0	0	0	0.3605	0.3786	0.3989	0.457	0.5069	0.5076	0.5143	0.506	0.5043	0.5678	0.6832	0.7682	0.8048	0.8211	0.8312	0.8366	0.8413	0.8448	0.8458	0.8511	0.8536	0.8575	0.8613	0.8655	0.8698	0.8746	0.8812	0.8868	0.8904	0.8932	0.8952	0.897	0.9008	0.9028	0.904	0.9067	0
85	Yellow_7	0	0	7.06	0	0	0	0.3293	0.3377	0.3461	0.3858	0.4144	0.4082	0.415	0.4059	0.406	0.4837	0.6272	0.735	0.783	0.8046	0.8177	0.8253	0.8312	0.8355	0.837	0.8428	0.8459	0.8503	0.8542	0.8584	0.8629	0.868	0.8748	0.8806	0.8846	0.8876	0.8899	0.8915	0.895	0.897	0.8982	0.901	0
86	Yellow_9	0	0	9.02	0	0	0	0.3041	0.3028	0.3019	0.3261	0.3417	0.3306	0.337	0.3281	0.3291	0.4149	0.5774	0.7032	0.7604	0.7869	0.8032	0.8126	0.8202	0.8256	0.8279	0.8339	0.8373	0.8424	0.8467	0.8511	0.8558	0.8612	0.8684	0.8744	0.8781	0.8807	0.883	0.8851	0.889	0.8914	0.8922	0.8948	0
87	Yellow_11	0	0	10.98	0	0	0	0.2758	0.2718	0.2638	0.278	0.2844	0.2692	0.2757	0.2671	0.2688	0.3599	0.536	0.6758	0.7414	0.7721	0.7908	0.8022	0.8107	0.8167	0.8192	0.8257	0.8298	0.8351	0.8394	0.8439	0.8488	0.8542	0.8613	0.8671	0.8712	0.8738	0.8759	0.8778	0.8818	0.8841	0.8856	0.8884	0
88	Yellow_13	0	0	12.94	0	0	0	0.2543	0.2434	0.2309	0.2398	0.2403	0.2251	0.2313	0.2231	0.2252	0.3174	0.5011	0.6522	0.7254	0.7604	0.7815	0.7951	0.8052	0.8123	0.8157	0.8224	0.8268	0.8326	0.8375	0.8422	0.8474	0.8536	0.8614	0.8675	0.8714	0.8746	0.8771	0.8792	0.8835	0.8862	0.8868	0.8896	0
89	Yellow_15	0	0	14.9	0	0	0	0.2363	0.2245	0.2069	0.2103	0.2071	0.1909	0.1966	0.1886	0.1909	0.2825	0.4712	0.6304	0.7093	0.7476	0.7713	0.7863	0.7978	0.8057	0.8097	0.8168	0.8214	0.8277	0.8328	0.838	0.8435	0.8503	0.8582	0.8646	0.8689	0.8717	0.8749	0.8773	0.8817	0.8845	0.8857	0.8887	0
90	Yellow_17	0	0	16.86	0	0	0	0.2203	0.2031	0.1831	0.1811	0.1745	0.1582	0.1635	0.1562	0.1588	0.2496	0.4425	0.6095	0.6942	0.7357	0.7618	0.7787	0.7914	0.8004	0.805	0.8125	0.8175	0.8241	0.8293	0.8344	0.84	0.8472	0.8552	0.8615	0.8657	0.8686	0.8717	0.8743	0.8787	0.8817	0.8829	0.8861	0
91	Yellow_20	0	0	20	0	0	0	0.1984	0.1775	0.1559	0.1497	0.1399	0.1238	0.1287	0.1221	0.125	0.2129	0.4083	0.5838	0.6755	0.7216	0.7505	0.7695	0.7838	0.7941	0.7993	0.8073	0.8127	0.8198	0.8256	0.8309	0.8369	0.8444	0.8529	0.8597	0.8641	0.8666	0.8699	0.8725	0.8771	0.8801	0.8811	0.8843	0
92	Yellow_25	0	0	25.1	0	0	0	0.1689	0.1455	0.1198	0.1092	0.09655	0.08195	0.08603	0.08118	0.084	0.1649	0.3597	0.545	0.646	0.6985	0.7321	0.7553	0.7726	0.7851	0.792	0.8011	0.8076	0.8158	0.8222	0.8274	0.8329	0.8404	0.8492	0.8557	0.8597	0.8623	0.8655	0.8682	0.8728	0.8757	0.8769	0.8799	0
93	Yellow_30	0	0	30.2	0	0	0	0.1464	0.1198	0.09476	0.08153	0.06966	0.05686	0.06019	0.05591	0.05896	0.1322	0.3227	0.5143	0.623	0.6805	0.7178	0.7437	0.7632	0.777	0.7851	0.7947	0.802	0.811	0.8179	0.8235	0.8298	0.8382	0.848	0.8553	0.8598	0.8623	0.866	0.869	0.8742	0.8775	0.8783	0.8815	0
94	Yellow_35	0	0	34.9	0	0	0	0.1277	0.1016	0.07638	0.06325	0.05129	0.04082	0.04338	0.03973	0.04288	0.1096	0.295	0.4897	0.6035	0.665	0.7053	0.7338	0.7552	0.7703	0.7793	0.7895	0.7972	0.8067	0.8139	0.8196	0.8261	0.8348	0.8448	0.8523	0.8567	0.8592	0.863	0.8663	0.8714	0.8748	0.8755	0.8789	0
95	Yellow_40	0	0	40	0	0	0	0.1142	0.08466	0.06036	0.04758	0.03734	0.02875	0.03078	0.02839	0.031	0.0903	0.2684	0.4651	0.5836	0.6488	0.692	0.7229	0.7462	0.7628	0.7727	0.7837	0.7919	0.8022	0.8099	0.8159	0.8226	0.832	0.8425	0.8503	0.8548	0.8573	0.8612	0.8647	0.8699	0.8734	0.8744	0.8775	0
96	Yellow_45	0	0	45.1	0	0	0	0.1012	0.07313	0.05015	0.03708	0.02815	0.02121	0.02242	0.02038	0.02311	0.07591	0.2467	0.4443	0.5668	0.6354	0.681	0.7142	0.739	0.7568	0.7677	0.7791	0.7882	0.7994	0.8075	0.8134	0.8201	0.8298	0.8407	0.8487	0.8532	0.8558	0.8598	0.8636	0.8691	0.8724	0.8733	0.8764	0
97	Yellow_50	0	0	50.2	0	0	0	0.08796	0.05983	0.039	0.02879	0.02089	0.01459	0.0155	0.01421	0.01669	0.06284	0.2253	0.4224	0.5487	0.6206	0.6689	0.7044	0.7311	0.7506	0.7625	0.7746	0.7845	0.7961	0.8048	0.8106	0.8175	0.8276	0.8386	0.8466	0.851	0.8534	0.8574	0.8613	0.8672	0.8707	0.8714	0.8744	0
98	Yellow_55	0	0	54.9	0	0	0	0.08116	0.05423	0.03293	0.02297	0.01602	0.01179	0.01212	0.01101	0.01325	0.05465	0.2101	0.4061	0.5344	0.6087	0.6589	0.6963	0.7244	0.7448	0.7575	0.7702	0.7805	0.7929	0.802	0.8083	0.8159	0.8266	0.8384	0.8467	0.8513	0.8537	0.8579	0.8622	0.868	0.8715	0.8725	0.8756	0
99	Yellow_60	0	0	60	0	0	0	0.0723	0.04571	0.02645	0.01805	0.01206	0.008573	0.00892	0.007923	0.01039	0.04607	0.1926	0.3871	0.5181	0.5949	0.6473	0.6867	0.7165	0.7381	0.7516	0.7649	0.7758	0.7889	0.7983	0.8046	0.8121	0.823	0.8349	0.8434	0.848	0.8504	0.8546	0.8594	0.8656	0.869	0.8694	0.8726	0
100	Yellow_65	0	0	65.1	0	0	0	0.0627	0.03953	0.02229	0.01428	0.009279	0.006801	0.007	0.006403	0.008262	0.03972	0.1786	0.3707	0.5034	0.5826	0.637	0.6779	0.7089	0.7316	0.7459	0.7598	0.7714	0.7852	0.7952	0.8019	0.8096	0.821	0.8338	0.8427	0.8474	0.85	0.8544	0.8593	0.8656	0.8693	0.8699	0.8729	0
101	Yellow_70	0	0	70.2	0	0	0	0.05181	0.03298	0.01875	0.01167	0.007734	0.005805	0.005797	0.005309	0.007051	0.03451	0.1658	0.3554	0.489	0.5698	0.6255	0.6675	0.6992	0.723	0.7383	0.753	0.7665	0.7822	0.7933	0.8004	0.8083	0.8197	0.8327	0.8421	0.8466	0.8492	0.8533	0.8582	0.8642	0.8679	0.8684	0.8712	0
102	Yellow_75	0	0	74.9	0	0	0	0.05014	0.03221	0.01734	0.01032	0.00778	0.005616	0.00542	0.005004	0.006543	0.0313	0.157	0.3441	0.4784	0.5604	0.6174	0.6606	0.6933	0.7179	0.7338	0.7487	0.7627	0.7787	0.7901	0.7971	0.8049	0.8164	0.8295	0.839	0.8434	0.8459	0.8498	0.8549	0.8611	0.8649	0.8653	0.868	1
103	Yellow_80	0	0	80	0	0	0	0.04435	0.0265	0.0143	0.00823	0.005557	0.004121	0.004065	0.00406	0.005512	0.02784	0.1479	0.3329	0.4683	0.5521	0.6108	0.6562	0.6907	0.7164	0.7335	0.7489	0.7625	0.778	0.7893	0.796	0.8036	0.8151	0.8283	0.8377	0.8419	0.8442	0.8482	0.8533	0.8593	0.8628	0.8632	0.8654	0
104	Yellow_83	0	0	83.14	0	0	0	0.04286	0.02568	0.01348	0.007467	0.005087	0.004132	0.004135	0.003908	0.005469	0.02684	0.1443	0.3279	0.4634	0.5477	0.6073	0.6538	0.6888	0.7148	0.7321	0.7479	0.7615	0.7772	0.7884	0.795	0.8026	0.814	0.8272	0.8363	0.8405	0.8428	0.8467	0.852	0.858	0.8617	0.8619	0.8643	0
105	Yellow_85	0	0	85.1	0	0	0	0.04338	0.0257	0.01341	0.007391	0.005247	0.004062	0.003973	0.004025	0.005179	0.026	0.1417	0.324	0.4593	0.5437	0.6034	0.6499	0.6853	0.7114	0.7289	0.7446	0.7583	0.7741	0.7856	0.7921	0.7997	0.8113	0.8247	0.834	0.838	0.8403	0.8444	0.8495	0.856	0.8593	0.8595	0.8613	0
106	Yellow_86	0	0	85.88	0	0	0	0.03995	0.02338	0.01255	0.007089	0.004772	0.003606	0.003743	0.003823	0.004858	0.02529	0.1394	0.3205	0.4553	0.5395	0.5994	0.6458	0.681	0.707	0.7242	0.7396	0.7531	0.7691	0.7805	0.7877	0.7956	0.8078	0.8213	0.8306	0.8348	0.8368	0.8415	0.8471	0.8528	0.8569	0.8572	0.8584	0
107	Yellow_87	0	0	87.06	0	0	0	0.03715	0.02268	0.01187	0.006856	0.004247	0.003581	0.003801	0.003721	0.004948	0.02464	0.1374	0.3178	0.4526	0.5368	0.5967	0.6434	0.6788	0.705	0.7222	0.7379	0.7517	0.7679	0.7792	0.7861	0.7939	0.8058	0.8191	0.8283	0.8326	0.8344	0.8389	0.8445	0.8503	0.8544	0.8548	0.8558	0
108	Yellow_88	0	0	87.84	0	0	0	0.03789	0.02209	0.0114	0.006886	0.004718	0.003725	0.003701	0.003681	0.004773	0.02434	0.1364	0.3177	0.4534	0.5385	0.5989	0.6457	0.6813	0.7076	0.725	0.7406	0.7543	0.7706	0.7821	0.7894	0.7979	0.8105	0.8245	0.8341	0.8386	0.841	0.8456	0.8515	0.858	0.8624	0.8627	0.8644	0
109	Yellow_89	0	0	89.02	0	0	0	0.03843	0.02282	0.01136	0.006379	0.004428	0.003828	0.003578	0.003388	0.004677	0.02407	0.136	0.3167	0.4526	0.5376	0.598	0.645	0.6807	0.7072	0.7246	0.7403	0.7542	0.7705	0.782	0.7891	0.7971	0.8095	0.8233	0.8329	0.8374	0.8396	0.844	0.8496	0.8559	0.86	0.8605	0.8625	0
110	Yellow_90	0	0	90.2	0	0	0	0.0363	0.02137	0.01162	0.006871	0.004512	0.003828	0.003651	0.00353	0.004953	0.0233	0.1334	0.3138	0.4502	0.536	0.5971	0.6445	0.6807	0.7075	0.7253	0.7412	0.7552	0.7716	0.7833	0.7906	0.7992	0.8119	0.8261	0.8359	0.8405	0.8427	0.8472	0.853	0.8595	0.8637	0.8645	0.8664	0
111	Yellow_91	0	0	90.98	0	0	0	0.03915	0.02275	0.01147	0.006602	0.004568	0.004184	0.003853	0.003658	0.004888	0.02312	0.1325	0.3124	0.4488	0.5346	0.5959	0.6434	0.6796	0.7067	0.7245	0.7404	0.7546	0.7711	0.7828	0.7901	0.7984	0.8111	0.8252	0.8349	0.8395	0.8418	0.8465	0.8522	0.8587	0.8628	0.8634	0.8652	0
112	Yellow_92	0	0	92.16	0	0	0	0.0379	0.02086	0.01042	0.005849	0.004316	0.003648	0.003396	0.003256	0.004564	0.02188	0.1294	0.3084	0.445	0.5313	0.593	0.6409	0.6773	0.7043	0.7221	0.7381	0.7523	0.7689	0.7807	0.7881	0.7967	0.8096	0.824	0.834	0.8387	0.841	0.8459	0.8518	0.8583	0.8625	0.863	0.8648	0
113	Yellow_93	0	0	92.94	0	0	0	0.03591	0.02046	0.01078	0.005421	0.004421	0.003766	0.003381	0.00347	0.004821	0.02198	0.1285	0.3066	0.4429	0.529	0.5907	0.6387	0.6752	0.7024	0.7203	0.7362	0.7506	0.767	0.7789	0.786	0.7945	0.8075	0.8219	0.8318	0.8363	0.8387	0.8437	0.8494	0.8558	0.8604	0.8608	0.8623	0
114	Yellow_94	0	0	94.12	0	0	0	0.03454	0.01843	0.009977	0.005813	0.004037	0.00357	0.003172	0.003477	0.004393	0.02107	0.1264	0.304	0.4404	0.527	0.5888	0.637	0.6738	0.701	0.7191	0.7352	0.7493	0.7659	0.7778	0.7854	0.7942	0.8075	0.822	0.8323	0.8371	0.8396	0.8448	0.8509	0.8575	0.8619	0.8626	0.8638	0
115	Yellow_95	0	0	94.9	0	0	0	0.0336	0.01909	0.01017	0.006187	0.003957	0.003351	0.003165	0.003199	0.004529	0.02077	0.1251	0.3027	0.4397	0.5267	0.5893	0.6379	0.6751	0.7029	0.7212	0.7375	0.7519	0.7687	0.7808	0.7882	0.7969	0.8102	0.8249	0.835	0.8397	0.8419	0.8471	0.8529	0.8595	0.8639	0.8645	0.8664	0
116	Yellow_96	0	0	96.08	0	0	0	0.03308	0.01901	0.0101	0.005973	0.004022	0.003693	0.003389	0.003152	0.004608	0.0206	0.1241	0.3011	0.4379	0.5248	0.5869	0.6353	0.6723	0.6999	0.7181	0.7343	0.7485	0.7653	0.7771	0.7847	0.7935	0.807	0.8215	0.8317	0.8364	0.8384	0.8436	0.8495	0.8562	0.8604	0.8612	0.8629	0
117	Yellow_97	0	0	96.86	0	0	0	0.03032	0.01767	0.008486	0.00475	0.002965	0.003094	0.003052	0.003182	0.004224	0.01977	0.1219	0.2981	0.4353	0.5229	0.586	0.6349	0.6724	0.7005	0.7189	0.7354	0.7499	0.767	0.7791	0.7866	0.7953	0.8087	0.8234	0.8336	0.838	0.8403	0.8453	0.8513	0.8582	0.8625	0.863	0.8649	0
118	Yellow_98	0	0	98.04	0	0	0	0.0301	0.01653	0.007995	0.005163	0.003736	0.002955	0.00296	0.003047	0.004164	0.01979	0.1215	0.2973	0.4341	0.5214	0.5842	0.633	0.6703	0.6983	0.7166	0.7329	0.7474	0.7644	0.7766	0.7842	0.793	0.8064	0.8212	0.8314	0.8363	0.8383	0.8434	0.8493	0.856	0.8603	0.8607	0.8629	0
119	Yellow_99	0	0	98.82	0	0	0	0.03125	0.01683	0.007765	0.004438	0.003243	0.003024	0.003129	0.003179	0.004267	0.01915	0.1185	0.2932	0.4304	0.5183	0.5812	0.6304	0.6683	0.6966	0.7151	0.7315	0.7463	0.7635	0.7758	0.7836	0.7926	0.8062	0.8215	0.832	0.8368	0.8393	0.8447	0.8511	0.8577	0.8622	0.8628	0.865	0
120	Yellow_100	0	0	100	0	0	0	0.02978	0.01671	0.008382	0.005032	0.003471	0.003388	0.003212	0.003275	0.004454	0.01879	0.1175	0.2915	0.4284	0.5163	0.5796	0.629	0.6669	0.6952	0.7138	0.7303	0.7452	0.7626	0.7749	0.7826	0.7914	0.8051	0.8203	0.8307	0.8354	0.8376	0.8426	0.849	0.8558	0.8603	0.8608	0.8624	0
121	Black_0	0	0	0	0	0	0	0.4574	0.5097	0.5749	0.7069	0.8362	0.8736	0.8832	0.8791	0.8723	0.869	0.8661	0.8646	0.8638	0.8636	0.8645	0.8635	0.8642	0.8648	0.8643	0.8683	0.8695	0.8723	0.8751	0.8792	0.8836	0.8878	0.8939	0.8992	0.903	0.9059	0.9077	0.9091	0.9124	0.9145	0.9162	0.9187	0
122	Black_1	0	0	0	1.18	0	0	0.4114	0.4576	0.5143	0.6293	0.7405	0.7732	0.7805	0.7775	0.7719	0.7689	0.7667	0.7654	0.7648	0.7649	0.7657	0.765	0.7657	0.7665	0.7659	0.7696	0.7707	0.7732	0.7756	0.7791	0.7832	0.7872	0.7925	0.7974	0.8009	0.8034	0.8052	0.8067	0.8101	0.8127	0.8153	0.8182	0
123	Black_3	0	0	0	3.14	0	0	0.3432	0.3818	0.4279	0.513	0.5941	0.6166	0.6224	0.6212	0.6179	0.6165	0.6158	0.6157	0.616	0.6169	0.6187	0.6189	0.6203	0.6217	0.6219	0.6253	0.6266	0.629	0.6312	0.6343	0.6376	0.6408	0.6454	0.6496	0.6525	0.6544	0.6557	0.6573	0.6609	0.6645	0.6678	0.671	0
124	Black_5	0	0	0	5.1	0	0	0.2814	0.3116	0.3457	0.4117	0.4742	0.492	0.4971	0.4968	0.4947	0.4941	0.4942	0.4944	0.4951	0.4966	0.4983	0.4989	0.5005	0.502	0.5026	0.5057	0.5072	0.5096	0.5119	0.5144	0.5174	0.5204	0.5248	0.5286	0.5316	0.5332	0.5343	0.5364	0.5404	0.5443	0.5482	0.552	0
125	Black_7	0	0	0	7.06	0	0	0.231	0.2545	0.2832	0.3318	0.377	0.3901	0.3948	0.3951	0.3948	0.3953	0.3959	0.397	0.3984	0.4003	0.4026	0.404	0.4059	0.4078	0.4088	0.4119	0.4136	0.416	0.4182	0.4208	0.4235	0.4265	0.4304	0.4341	0.4367	0.4382	0.4394	0.4416	0.4458	0.4504	0.455	0.4589	0
126	Black_9	0	0	0	9.02	0	0	0.1871	0.2048	0.2252	0.2635	0.2992	0.31	0.3137	0.3147	0.3155	0.3162	0.3174	0.3188	0.3207	0.3231	0.3255	0.3271	0.3292	0.3312	0.3326	0.3356	0.3375	0.3399	0.3421	0.3448	0.3476	0.3506	0.3544	0.3578	0.3604	0.362	0.3633	0.3655	0.37	0.3753	0.3798	0.3839	0
127	Black_11	0	0	0	10.98	0	0	0.1488	0.1653	0.1813	0.2108	0.2381	0.2469	0.2507	0.2516	0.2527	0.2542	0.2558	0.2574	0.2593	0.2616	0.2641	0.2659	0.2682	0.2703	0.2718	0.2746	0.2766	0.279	0.2811	0.2836	0.2861	0.2891	0.2928	0.2961	0.2987	0.3004	0.3018	0.3043	0.3087	0.3137	0.3186	0.323	0
128	Black_13	0	0	0	12.94	0	0	0.1244	0.1363	0.148	0.1709	0.193	0.2004	0.2036	0.2049	0.206	0.2079	0.2096	0.2115	0.2134	0.2156	0.2183	0.22	0.2223	0.2246	0.2263	0.2288	0.2307	0.2331	0.2352	0.2376	0.24	0.2429	0.2463	0.2493	0.252	0.2534	0.2547	0.2573	0.2617	0.2665	0.2719	0.276	0
129	Black_15	0	0	0	14.9	0	0	0.1039	0.1109	0.1211	0.1392	0.1562	0.1627	0.166	0.1673	0.169	0.1708	0.1728	0.1747	0.1769	0.1793	0.182	0.1841	0.1866	0.1887	0.1905	0.1929	0.1949	0.1973	0.1995	0.2018	0.2043	0.207	0.2103	0.2132	0.2157	0.2171	0.2186	0.2212	0.2252	0.2301	0.2354	0.2398	0
130	Black_17	0	0	0	16.86	0	0	0.08521	0.09067	0.09915	0.1149	0.1287	0.1339	0.1371	0.1389	0.1403	0.1427	0.1448	0.1467	0.149	0.1514	0.154	0.156	0.1584	0.1606	0.1624	0.1648	0.1668	0.1692	0.1713	0.1735	0.176	0.1787	0.1818	0.1848	0.1871	0.1886	0.1901	0.1926	0.1968	0.2018	0.2068	0.2109	0
131	Black_20	0	0	0	20	0	0	0.06345	0.06701	0.0734	0.08461	0.09526	0.09922	0.1016	0.1036	0.1053	0.1073	0.109	0.1109	0.113	0.1153	0.1177	0.1197	0.122	0.124	0.1258	0.128	0.1299	0.132	0.134	0.136	0.1382	0.1406	0.1434	0.1461	0.1483	0.1497	0.1511	0.1535	0.1573	0.1619	0.1665	0.1707	0
132	Black_25	0	0	0	25.1	0	0	0.04021	0.04311	0.04653	0.0528	0.05898	0.06228	0.06494	0.06629	0.0677	0.0696	0.07142	0.07308	0.07496	0.07695	0.07886	0.08066	0.08271	0.08445	0.086	0.08791	0.08963	0.09138	0.09302	0.09498	0.09685	0.09897	0.1015	0.1037	0.1055	0.1069	0.1082	0.1103	0.1136	0.1178	0.1223	0.1263	0
133	Black_30	0	0	0	30.2	0	0	0.03036	0.03006	0.03256	0.03622	0.04032	0.04224	0.04372	0.04482	0.04632	0.04757	0.0489	0.05009	0.05165	0.05326	0.05488	0.05633	0.05788	0.05934	0.06071	0.06215	0.06361	0.06507	0.0665	0.06805	0.06969	0.07138	0.07346	0.07527	0.07699	0.07817	0.07926	0.08112	0.08411	0.08775	0.09176	0.09499	0
134	Black_35	0	0	0	34.9	0	0	0.02176	0.02185	0.02387	0.02588	0.0288	0.02966	0.03094	0.03214	0.03345	0.03432	0.03523	0.03628	0.03761	0.03889	0.0402	0.04143	0.04274	0.04399	0.04514	0.04641	0.04761	0.0488	0.05002	0.05124	0.05254	0.054	0.05575	0.05744	0.05886	0.05972	0.0607	0.06229	0.06489	0.06809	0.07132	0.07418	0
135	Black_40	0	0	0	40	0	0	0.01782	0.01742	0.01798	0.01816	0.02072	0.02126	0.02171	0.02218	0.02314	0.02409	0.02481	0.02555	0.02655	0.02769	0.02865	0.02941	0.0305	0.03143	0.03235	0.03337	0.03429	0.03534	0.03627	0.03718	0.03821	0.03949	0.04081	0.04209	0.04321	0.04396	0.04474	0.04609	0.0481	0.05082	0.05376	0.05629	0
136	Black_45	0	0	0	45.1	0	0	0.0148	0.01344	0.01367	0.01387	0.01486	0.0152	0.01554	0.01597	0.01658	0.01707	0.01758	0.01804	0.01886	0.01962	0.02026	0.02103	0.02185	0.02252	0.02325	0.02397	0.02467	0.02543	0.02622	0.02698	0.02786	0.02885	0.02988	0.03101	0.03182	0.03263	0.03307	0.03434	0.03615	0.03814	0.04053	0.04255	0
137	Black_50	0	0	0	50.2	0	0	0.01326	0.01114	0.009354	0.01023	0.01036	0.01094	0.01128	0.01181	0.01201	0.01237	0.01268	0.01304	0.01359	0.01423	0.0148	0.01537	0.01604	0.01657	0.01704	0.01773	0.01826	0.01896	0.01959	0.02015	0.02068	0.02148	0.02237	0.02303	0.02381	0.02432	0.02491	0.02596	0.02746	0.02944	0.03117	0.03266	0
138	Black_55	0	0	0	54.9	0	0	0.008296	0.007803	0.008142	0.007985	0.007707	0.00778	0.008234	0.008353	0.00881	0.009008	0.009276	0.009502	0.009841	0.01035	0.01076	0.01103	0.01144	0.01187	0.01234	0.01279	0.01336	0.01382	0.01426	0.01467	0.01524	0.01586	0.0165	0.01725	0.01783	0.01823	0.01864	0.01957	0.02078	0.02228	0.02393	0.02544	0
139	Black_60	0	0	0	60	0	0	0.00661	0.006325	0.006414	0.006564	0.006579	0.006386	0.00642	0.006592	0.00692	0.007063	0.007345	0.007274	0.007706	0.007972	0.008253	0.00853	0.008902	0.00922	0.00965	0.009924	0.01026	0.01063	0.01099	0.01138	0.01173	0.01226	0.01278	0.01329	0.0137	0.01405	0.01447	0.01508	0.01611	0.01721	0.01872	0.02006	0
140	Black_65	0	0	0	65.1	0	0	0.006102	0.005382	0.005564	0.005183	0.005007	0.005176	0.004965	0.004854	0.005277	0.005268	0.005461	0.005525	0.005693	0.005966	0.006125	0.006221	0.006533	0.006827	0.007039	0.007225	0.007568	0.007839	0.00804	0.008316	0.008674	0.009029	0.009425	0.009816	0.01018	0.01048	0.01075	0.0113	0.01204	0.01301	0.01429	0.01511	0
141	Black_70	0	0	0	70.2	0	0	-0.0008651	0.001942	0.003589	0.002634	0.003469	0.003705	0.00408	0.003964	0.004273	0.004224	0.004282	0.004416	0.004358	0.004652	0.004699	0.005001	0.005005	0.005191	0.005334	0.005479	0.005636	0.005706	0.005936	0.006049	0.006363	0.006624	0.006964	0.007154	0.007298	0.007553	0.007772	0.008029	0.008807	0.009475	0.01029	0.01102	0
142	Black_75	0	0	0	74.9	0	0	0.0008612	0.002448	0.003178	0.003166	0.003379	0.003393	0.003781	0.003344	0.003411	0.003579	0.00366	0.003596	0.003684	0.003856	0.003786	0.00402	0.004051	0.004199	0.004275	0.004441	0.004542	0.004551	0.004796	0.004918	0.005005	0.005246	0.005473	0.005516	0.005785	0.005979	0.006125	0.006238	0.00684	0.007394	0.00798	0.008732	0
143	Black_80	0	0	0	80	0	0	-0.0007664	0.001625	0.003118	0.002755	0.003197	0.00322	0.003342	0.003147	0.003313	0.003343	0.003315	0.00339	0.003381	0.003486	0.003456	0.003676	0.003734	0.00387	0.003908	0.004056	0.004104	0.00408	0.004249	0.004394	0.004455	0.004619	0.004856	0.004947	0.005081	0.005256	0.005414	0.005565	0.006066	0.006605	0.007155	0.007471	0
144	Black_83	0	0	0	83.14	0	0	-0.0008825	6.875e-05	0.00216	0.001718	0.002392	0.002667	0.003115	0.002968	0.003109	0.003119	0.002982	0.002991	0.002984	0.003147	0.003054	0.003232	0.003282	0.003435	0.003488	0.003519	0.003539	0.003508	0.003685	0.003747	0.003829	0.004015	0.004197	0.004292	0.00434	0.004497	0.004518	0.004675	0.005084	0.005589	0.006166	0.00624	0
145	Black_85	0	0	0	85.1	0	0	-0.001739	-1.708e-05	0.002136	0.001542	0.00205	0.002509	0.002951	0.002897	0.002989	0.002816	0.002937	0.002982	0.002853	0.003083	0.002998	0.003201	0.003189	0.003221	0.003285	0.0034	0.003373	0.003364	0.003497	0.003573	0.003728	0.003866	0.004005	0.003921	0.004098	0.004274	0.004181	0.004356	0.004768	0.005118	0.005557	0.006075	0
146	Black_86	0	0	0	85.88	0	0	0.001033	0.002249	0.003133	0.002415	0.003195	0.002563	0.002905	0.00307	0.003017	0.003015	0.002875	0.00295	0.002914	0.003034	0.00285	0.003083	0.003087	0.003177	0.003238	0.00325	0.003281	0.003271	0.003376	0.003458	0.003548	0.003626	0.00374	0.003743	0.0039	0.004035	0.004113	0.004261	0.004618	0.005037	0.005541	0.005846	0
147	Black_87	0	0	0	87.06	0	0	-0.001262	0.0008763	0.002153	0.002626	0.002761	0.002916	0.003251	0.002731	0.002922	0.002969	0.002949	0.002928	0.002728	0.002916	0.002889	0.002998	0.003014	0.00305	0.003098	0.003078	0.003059	0.003011	0.003091	0.003152	0.003247	0.003333	0.003487	0.003366	0.003547	0.003734	0.003762	0.00391	0.004266	0.0046	0.00489	0.005306	0
148	Black_88	0	0	0	87.84	0	0	0.0004365	0.001001	0.003112	0.001823	0.002712	0.002657	0.002854	0.00281	0.002996	0.002897	0.002794	0.002739	0.00265	0.002715	0.00258	0.002793	0.002776	0.002928	0.002944	0.002936	0.003032	0.00298	0.003011	0.003072	0.003178	0.003321	0.003429	0.003383	0.003503	0.003626	0.003641	0.003747	0.004088	0.004465	0.004837	0.004966	0
149	Black_89	0	0	0	89.02	0	0	-0.0009697	0.001748	0.002565	0.002356	0.002764	0.002823	0.003082	0.002849	0.002908	0.002906	0.0028	0.002709	0.002629	0.002765	0.002598	0.002805	0.002745	0.0028	0.002759	0.002837	0.002858	0.002876	0.002919	0.00298	0.002998	0.003084	0.003281	0.003293	0.003242	0.003471	0.003471	0.003569	0.003921	0.004224	0.00461	0.004739	0
150	Black_90	0	0	0	90.2	0	0	-0.0005975	0.001112	0.002859	0.002621	0.003136	0.002839	0.003017	0.002878	0.002883	0.00292	0.002884	0.002785	0.002724	0.002913	0.002708	0.002866	0.002821	0.002887	0.002862	0.002899	0.002913	0.002817	0.002878	0.002916	0.003012	0.003141	0.00328	0.003226	0.00332	0.003536	0.00351	0.003564	0.003908	0.004283	0.004541	0.004782	0
151	Black_91	0	0	0	90.98	0	0	0.0006943	0.002723	0.002888	0.002054	0.002907	0.00289	0.002972	0.002838	0.002912	0.002794	0.002709	0.00268	0.002562	0.002805	0.002616	0.002779	0.002773	0.00272	0.002781	0.002836	0.002793	0.002716	0.002829	0.002813	0.002823	0.002925	0.002943	0.002993	0.003085	0.003235	0.00335	0.00333	0.003769	0.00409	0.004404	0.004479	0
152	Black_92	0	0	0	92.16	0	0	-0.0003568	0.001612	0.002591	0.002447	0.00307	0.002828	0.003127	0.002811	0.002831	0.002811	0.002659	0.002705	0.002539	0.002668	0.002611	0.002763	0.002705	0.002727	0.002773	0.002768	0.00274	0.002697	0.002744	0.002675	0.002824	0.002873	0.003068	0.002944	0.003008	0.003092	0.003287	0.003234	0.003598	0.003839	0.004314	0.004803	0
153	Black_93	0	0	0	92.94	0	0	0.0005718	0.001668	0.002384	0.002179	0.002793	0.002883	0.002706	0.002711	0.002875	0.002822	0.00285	0.002777	0.002543	0.002627	0.002523	0.00265	0.002564	0.00259	0.002624	0.002595	0.002631	0.002517	0.002682	0.002682	0.002682	0.002734	0.002875	0.002787	0.002827	0.002962	0.003038	0.003124	0.003347	0.003504	0.003614	0.003917	0
154	Black_94	0	0	0	94.12	0	0	0.0006896	0.002825	0.003501	0.002386	0.003059	0.003009	0.003123	0.002773	0.00299	0.002868	0.002745	0.002717	0.002558	0.002725	0.002586	0.002802	0.002675	0.002696	0.002659	0.002704	0.002707	0.002574	0.002671	0.002726	0.002795	0.002898	0.002982	0.002851	0.002807	0.00296	0.003082	0.003147	0.003342	0.003675	0.003828	0.004092	0
155	Black_95	0	0	0	94.9	0	0	0.003523	0.003658	0.003856	0.002855	0.002695	0.00325	0.003129	0.003025	0.003101	0.00298	0.002755	0.00271	0.00254	0.002717	0.002598	0.002745	0.002596	0.002674	0.002725	0.002714	0.002622	0.002543	0.002659	0.002716	0.002736	0.002744	0.002803	0.00272	0.002795	0.00295	0.002943	0.003027	0.003312	0.00358	0.003599	0.003984	0
156	Black_96	0	0	0	96.08	0	0	0.00227	0.002993	0.002903	0.002378	0.00257	0.002923	0.002889	0.002825	0.002803	0.002715	0.002712	0.002664	0.002534	0.002633	0.002521	0.002608	0.002529	0.002555	0.002553	0.002485	0.002492	0.002457	0.002474	0.002517	0.002513	0.002562	0.00277	0.002657	0.002656	0.002827	0.002843	0.002751	0.002998	0.003133	0.00342	0.00344	0
157	Black_97	0	0	0	96.86	0	0	0.001668	0.003361	0.003631	0.00267	0.003173	0.002899	0.003249	0.003037	0.002926	0.00271	0.002619	0.002673	0.002523	0.002527	0.002465	0.002627	0.002438	0.002542	0.002524	0.002558	0.002494	0.0025	0.002502	0.002511	0.002563	0.002681	0.002767	0.002659	0.002768	0.002707	0.002938	0.002859	0.003102	0.003372	0.003643	0.003583	0
158	Black_98	0	0	0	98.04	0	0	0.00261	0.001996	0.002835	0.002376	0.002826	0.002893	0.002849	0.002672	0.002693	0.002872	0.00264	0.002613	0.002472	0.002572	0.002553	0.002596	0.002428	0.002475	0.002454	0.002504	0.002442	0.002339	0.00238	0.002431	0.002436	0.002324	0.00242	0.002382	0.002468	0.002636	0.002587	0.00252	0.002766	0.002964	0.003228	0.003262	0
159	Black_99	0	0	0	98.82	0	0	0.0008985	0.002599	0.003278	0.00303	0.003262	0.003047	0.003289	0.002947	0.003011	0.002981	0.002843	0.002711	0.002495	0.002674	0.00258	0.002695	0.002589	0.002549	0.002546	0.002536	0.002575	0.002438	0.002509	0.002485	0.002515	0.002546	0.002619	0.002513	0.002482	0.002682	0.002702	0.002703	0.002958	0.003036	0.003284	0.003481	0
160	Black_100	0	0	0	100	0	0	0.001234	0.002085	0.003178	0.002584	0.002905	0.002743	0.003014	0.002793	0.002928	0.002812	0.002626	0.002626	0.002518	0.002614	0.002448	0.002573	0.00246	0.002488	0.002463	0.002429	0.0024	0.002328	0.002392	0.002365	0.002384	0.002402	0.002502	0.002426	0.002368	0.002512	0.002566	0.002535	0.002805	0.002835	0.003069	0.003124	0
161	Orange_0	0	0	0	0	0	0	0.4488	0.5033	0.5703	0.7047	0.8344	0.8728	0.8827	0.8789	0.872	0.8687	0.8663	0.8649	0.8641	0.8637	0.8648	0.8639	0.8644	0.8652	0.8645	0.8686	0.8696	0.8724	0.8753	0.8793	0.8838	0.8882	0.8944	0.8997	0.9036	0.9061	0.9079	0.9093	0.9129	0.9154	0.9168	0.9191	0
162	Orange_1	0	0	0	0	1.18	0	0.4401	0.4908	0.5531	0.6779	0.7977	0.8302	0.8364	0.8303	0.8212	0.8161	0.8127	0.8109	0.8104	0.8111	0.8133	0.8152	0.8238	0.8385	0.8513	0.8626	0.8664	0.8698	0.8726	0.8768	0.8814	0.8858	0.8917	0.8969	0.9008	0.9033	0.9051	0.9065	0.9099	0.912	0.9138	0.9162	0
163	Orange_3	0	0	0	0	3.14	0	0.4114	0.4547	0.5076	0.6169	0.7196	0.744	0.7454	0.7365	0.7263	0.7199	0.7155	0.714	0.715	0.7184	0.724	0.732	0.7543	0.7929	0.828	0.8514	0.8597	0.8649	0.8682	0.8725	0.877	0.8816	0.8876	0.8928	0.8965	0.8992	0.9011	0.9022	0.9056	0.908	0.9093	0.9115	0
164	Orange_5	0	0	0	0	5.1	0	0.3895	0.428	0.4733	0.567	0.6519	0.668	0.665	0.6543	0.6428	0.6352	0.6304	0.6292	0.6316	0.637	0.6454	0.6579	0.6923	0.7515	0.807	0.8417	0.8543	0.8608	0.8646	0.8691	0.8733	0.8776	0.8837	0.889	0.8925	0.8949	0.8968	0.8979	0.9018	0.9038	0.9048	0.907	0
165	Orange_7	0	0	0	0	7.06	0	0.368	0.3994	0.439	0.5188	0.5887	0.5976	0.5915	0.5794	0.5669	0.5583	0.5534	0.5527	0.5563	0.5635	0.5739	0.5902	0.6342	0.7114	0.7855	0.831	0.848	0.8558	0.8601	0.8644	0.8686	0.8726	0.8783	0.8833	0.8869	0.8895	0.891	0.8921	0.8953	0.8974	0.8986	0.9005	0
166	Orange_9	0	0	0	0	9.02	0	0.3435	0.3716	0.405	0.4737	0.5338	0.539	0.5296	0.5158	0.5027	0.4937	0.4883	0.4878	0.4921	0.5003	0.5125	0.5316	0.5829	0.6743	0.7642	0.8191	0.8399	0.8489	0.854	0.8585	0.8628	0.8671	0.8729	0.8782	0.8817	0.8843	0.8861	0.8875	0.8906	0.8928	0.8937	0.896	0
167	Orange_11	0	0	0	0	10.98	0	0.3292	0.3524	0.3804	0.4392	0.4883	0.4893	0.4784	0.4644	0.4506	0.4408	0.4354	0.4351	0.4399	0.4492	0.4621	0.4831	0.5397	0.6421	0.7456	0.8099	0.8344	0.8448	0.8499	0.8543	0.8586	0.8629	0.8686	0.8738	0.877	0.8793	0.8808	0.882	0.8853	0.8877	0.8889	0.8909	0
168	Orange_13	0	0	0	0	12.94	0	0.3075	0.3297	0.3546	0.4062	0.449	0.448	0.436	0.4213	0.4077	0.3975	0.3923	0.3922	0.3974	0.4071	0.4205	0.4431	0.5037	0.6155	0.7318	0.8052	0.8338	0.8454	0.851	0.856	0.8603	0.8648	0.8706	0.8758	0.8795	0.882	0.8836	0.8848	0.8882	0.8906	0.8915	0.8941	0
169	Orange_15	0	0	0	0	14.9	0	0.2948	0.3134	0.3322	0.3784	0.4128	0.4075	0.3946	0.3797	0.366	0.3565	0.3512	0.3513	0.3568	0.3672	0.3813	0.4049	0.4691	0.5894	0.7172	0.7993	0.8318	0.845	0.851	0.8556	0.8598	0.8637	0.8694	0.8739	0.8773	0.8795	0.881	0.8819	0.8851	0.8872	0.8882	0.8906	0
170	Orange_17	0	0	0	0	16.86	0	0.2783	0.294	0.3093	0.3501	0.3814	0.375	0.3616	0.3463	0.3323	0.3225	0.3171	0.317	0.3225	0.3329	0.347	0.371	0.4369	0.5625	0.6993	0.7887	0.8245	0.8388	0.8452	0.8503	0.8553	0.8604	0.8663	0.8715	0.8756	0.8779	0.8803	0.8815	0.885	0.8877	0.8889	0.8914	0
171	Orange_20	0	0	0	0	20	0	0.2568	0.2678	0.2799	0.3125	0.3352	0.3265	0.3128	0.2973	0.2837	0.2743	0.2692	0.2695	0.2754	0.2858	0.3004	0.325	0.3933	0.5271	0.6781	0.7797	0.8216	0.838	0.8453	0.8508	0.8558	0.8608	0.8666	0.8716	0.8755	0.8779	0.8799	0.8811	0.8845	0.8871	0.8883	0.8913	0
172	Orange_25	0	0	0	0	25.1	0	0.2288	0.2351	0.241	0.2633	0.2777	0.2663	0.2518	0.2372	0.2246	0.2157	0.211	0.2113	0.2171	0.2275	0.2417	0.2662	0.3356	0.477	0.6454	0.7638	0.8145	0.8344	0.8425	0.8481	0.8526	0.8571	0.8628	0.8677	0.8715	0.8734	0.8753	0.8763	0.8797	0.8821	0.8831	0.8861	0
173	Orange_30	0	0	0	0	30.2	0	0.2073	0.2082	0.2105	0.2263	0.2336	0.2213	0.2068	0.1932	0.1813	0.173	0.1686	0.1692	0.1749	0.1848	0.1985	0.2226	0.2915	0.4369	0.6182	0.7511	0.81	0.8328	0.842	0.848	0.8528	0.8574	0.863	0.8678	0.8713	0.8735	0.8752	0.8761	0.8796	0.8819	0.8829	0.8862	0
174	Orange_35	0	0	0	0	34.9	0	0.1871	0.1874	0.1871	0.1993	0.2031	0.1903	0.1758	0.1626	0.1513	0.1435	0.1398	0.1403	0.1456	0.1551	0.168	0.1913	0.2589	0.4058	0.5955	0.7393	0.8047	0.83	0.8401	0.8466	0.8514	0.8564	0.8621	0.8669	0.8707	0.8727	0.8748	0.8759	0.8792	0.8816	0.8827	0.8859	0
175	Orange_40	0	0	0	0	40	0	0.1679	0.1662	0.1641	0.1729	0.1747	0.1617	0.1486	0.1364	0.1262	0.1191	0.1153	0.1159	0.1207	0.1296	0.1419	0.1638	0.2291	0.3758	0.5727	0.7272	0.7995	0.8278	0.8391	0.8459	0.8513	0.8565	0.8624	0.8676	0.8715	0.8739	0.876	0.8772	0.8808	0.8834	0.8844	0.8878	0
176	Orange_45	0	0	0	0	45.1	0	0.1569	0.1532	0.149	0.1544	0.1537	0.1408	0.1285	0.1173	0.1081	0.1016	0.09842	0.09884	0.1033	0.1113	0.1226	0.1433	0.2059	0.3506	0.5524	0.7165	0.7958	0.8269	0.839	0.846	0.8511	0.856	0.8618	0.8668	0.8706	0.8727	0.8746	0.8757	0.8792	0.8816	0.8827	0.886	0
177	Orange_50	0	0	0	0	50.2	0	0.1432	0.1394	0.1343	0.1356	0.1334	0.1209	0.1089	0.0989	0.09033	0.0845	0.08157	0.08196	0.08626	0.09373	0.1043	0.1238	0.1839	0.3273	0.5346	0.7088	0.7947	0.8289	0.8423	0.8495	0.8543	0.8588	0.8643	0.8693	0.8729	0.8748	0.8769	0.8777	0.8813	0.8834	0.8847	0.888	0
178	Orange_55	0	0	0	0	54.9	0	0.1351	0.1293	0.1223	0.1235	0.1197	0.1078	0.09664	0.08725	0.07939	0.07394	0.07132	0.0718	0.07549	0.08222	0.09205	0.1105	0.1678	0.308	0.5171	0.6974	0.7885	0.8247	0.8388	0.8462	0.8514	0.8563	0.8621	0.8672	0.8709	0.8731	0.8751	0.8762	0.8795	0.8819	0.8829	0.8862	0
179	Orange_60	0	0	0	0	60	0	0.124	0.1181	0.1106	0.1105	0.1057	0.09441	0.08393	0.07545	0.0685	0.06362	0.06146	0.06186	0.06535	0.0716	0.08039	0.09764	0.1524	0.2897	0.501	0.6888	0.7859	0.8248	0.8397	0.8476	0.8528	0.8577	0.8635	0.8685	0.8722	0.8742	0.8761	0.8771	0.8806	0.8829	0.8838	0.8869	0
180	Orange_65	0	0	0	0	65.1	0	0.1166	0.1096	0.1026	0.1009	0.09552	0.08422	0.07481	0.06696	0.06068	0.05619	0.05433	0.0548	0.05812	0.06387	0.07224	0.08862	0.1411	0.2756	0.4879	0.6806	0.7818	0.8228	0.8386	0.8464	0.8517	0.8564	0.862	0.8668	0.8704	0.8725	0.8743	0.8751	0.8783	0.8807	0.8819	0.8847	0
181	Orange_70	0	0	0	0	70.2	0	0.1083	0.09988	0.0921	0.08949	0.0841	0.07346	0.06444	0.05732	0.05202	0.04828	0.04643	0.04701	0.04979	0.05507	0.06269	0.07779	0.127	0.2571	0.4704	0.6711	0.7798	0.8242	0.8412	0.8496	0.8551	0.8595	0.8652	0.8703	0.8736	0.876	0.878	0.8789	0.8819	0.8841	0.885	0.8887	0
182	Orange_75	0	0	0	0	74.9	0	0.102	0.09274	0.08502	0.08179	0.07655	0.06668	0.05817	0.0515	0.0465	0.04325	0.04162	0.04212	0.04472	0.04957	0.05653	0.07068	0.1174	0.2438	0.4567	0.662	0.7752	0.8218	0.8398	0.8489	0.8548	0.8597	0.8656	0.8711	0.8745	0.8771	0.8793	0.8802	0.8837	0.8861	0.8871	0.8906	0
183	Orange_80	0	0	0	0	80	0	0.09729	0.08887	0.08036	0.07731	0.07159	0.06244	0.05431	0.04792	0.04339	0.04031	0.039	0.03934	0.04174	0.04636	0.05317	0.06677	0.1121	0.2365	0.4494	0.6573	0.7732	0.8213	0.8398	0.8488	0.8547	0.8594	0.8651	0.8704	0.8738	0.8765	0.8784	0.8793	0.8824	0.8847	0.8855	0.8893	0
184	Orange_83	0	0	0	0	83.14	0	0.09402	0.08467	0.07717	0.0738	0.06798	0.05852	0.05091	0.04548	0.04099	0.03795	0.03666	0.03721	0.03955	0.04398	0.05043	0.06345	0.1074	0.2297	0.4419	0.652	0.77	0.8189	0.8377	0.8469	0.8526	0.8574	0.8633	0.8687	0.872	0.8748	0.8768	0.8777	0.8809	0.8832	0.8839	0.8874	0
185	Orange_85	0	0	0	0	85.1	0	0.08842	0.08166	0.07471	0.07066	0.06506	0.05595	0.04864	0.04322	0.03908	0.03643	0.03518	0.03546	0.03779	0.04198	0.04832	0.06122	0.1042	0.2249	0.4365	0.6477	0.7677	0.8176	0.8367	0.846	0.8519	0.8565	0.8622	0.8674	0.8708	0.8734	0.8754	0.876	0.8791	0.8814	0.8819	0.885	0
186	Orange_86	0	0	0	0	85.88	0	0.09359	0.08194	0.07391	0.07013	0.0639	0.05543	0.0484	0.04276	0.03851	0.03613	0.03487	0.03514	0.03724	0.04147	0.04767	0.06016	0.1027	0.2225	0.4334	0.6445	0.7645	0.8148	0.8342	0.8433	0.8489	0.8537	0.8593	0.8647	0.8681	0.8705	0.8725	0.8734	0.8765	0.879	0.8797	0.8824	0
187	Orange_87	0	0	0	0	87.06	0	0.08804	0.07911	0.0704	0.06783	0.06208	0.05384	0.04701	0.04143	0.03758	0.03498	0.03384	0.03421	0.03647	0.04049	0.04662	0.059	0.101	0.2198	0.4305	0.6431	0.7645	0.815	0.8347	0.844	0.8504	0.8553	0.8614	0.8669	0.8704	0.8729	0.8746	0.8759	0.8796	0.8817	0.8828	0.8858	0
188	Orange_88	0	0	0	0	87.84	0	0.08616	0.07579	0.06961	0.06674	0.06164	0.05306	0.04617	0.04097	0.03697	0.03453	0.03347	0.03388	0.03599	0.04007	0.04605	0.05845	0.1002	0.2189	0.4299	0.6436	0.7659	0.8168	0.8365	0.846	0.8524	0.8573	0.8633	0.8688	0.8723	0.875	0.8769	0.8778	0.8812	0.8836	0.8843	0.8875	0
189	Orange_89	0	0	0	0	89.02	0	0.08539	0.07742	0.06954	0.06589	0.06008	0.05152	0.04456	0.03986	0.03613	0.03381	0.03278	0.03311	0.03524	0.03925	0.04515	0.0573	0.0985	0.2164	0.4275	0.6421	0.7656	0.8173	0.8371	0.8464	0.8521	0.8567	0.8623	0.8676	0.8708	0.8734	0.8751	0.8759	0.8791	0.8816	0.8824	0.8852	0
190	Orange_90	0	0	0	0	90.2	0	0.08357	0.07563	0.0681	0.06464	0.0587	0.05091	0.04414	0.0388	0.03533	0.03311	0.03224	0.03254	0.0346	0.03849	0.04437	0.05648	0.09723	0.2145	0.4252	0.6403	0.7644	0.8167	0.8364	0.8458	0.8515	0.8562	0.8616	0.8665	0.8699	0.8719	0.8739	0.8744	0.8775	0.8798	0.8808	0.8839	0
191	Orange_91	0	0	0	0	90.98	0	0.08318	0.07528	0.06721	0.06382	0.05848	0.0505	0.0439	0.03867	0.03513	0.03302	0.03173	0.03212	0.03409	0.03786	0.04361	0.05551	0.09591	0.2123	0.4227	0.6387	0.7637	0.8164	0.8365	0.8463	0.8524	0.8576	0.8634	0.8685	0.872	0.8743	0.8768	0.8777	0.8807	0.8832	0.8842	0.8874	0
192	Orange_92	0	0	0	0	92.16	0	0.08295	0.0744	0.06596	0.06209	0.05699	0.04904	0.04292	0.03791	0.03422	0.03197	0.03101	0.03137	0.03327	0.037	0.04264	0.05441	0.09417	0.2096	0.4191	0.6351	0.7603	0.8131	0.8336	0.8436	0.8503	0.856	0.8623	0.8679	0.8716	0.8742	0.8766	0.8778	0.8814	0.8843	0.8851	0.8881	0
193	Orange_93	0	0	0	0	92.94	0	0.08223	0.07333	0.06483	0.06179	0.05576	0.04851	0.04201	0.03716	0.03375	0.03143	0.03055	0.03098	0.03308	0.03673	0.04225	0.05388	0.09338	0.2084	0.4184	0.6362	0.7633	0.8169	0.8374	0.8473	0.8535	0.8587	0.8643	0.8693	0.8726	0.8748	0.8768	0.8779	0.8811	0.8835	0.8845	0.8873	0
194	Orange_94	0	0	0	0	94.12	0	0.08415	0.07409	0.06479	0.06138	0.05579	0.04747	0.04126	0.03664	0.03315	0.03125	0.03033	0.0307	0.03266	0.03614	0.0415	0.05305	0.09221	0.2063	0.4161	0.6344	0.7622	0.8163	0.837	0.8467	0.8526	0.8575	0.8629	0.8678	0.871	0.8732	0.8753	0.876	0.8789	0.8814	0.8822	0.8853	0
195	Orange_95	0	0	0	0	94.9	0	0.08146	0.07277	0.06423	0.06008	0.05467	0.0468	0.04064	0.03615	0.03295	0.0309	0.02993	0.03026	0.03215	0.03563	0.04113	0.05238	0.09113	0.2048	0.4144	0.6336	0.7623	0.8168	0.8375	0.8473	0.8531	0.8581	0.8633	0.8683	0.8716	0.8736	0.8755	0.8762	0.8795	0.8818	0.8828	0.8856	0
196	Orange_96	0	0	0	0	96.08	0	0.08139	0.07139	0.06357	0.05944	0.05364	0.04611	0.03991	0.03573	0.0323	0.03025	0.02946	0.02983	0.03167	0.03511	0.04045	0.05159	0.08999	0.2029	0.4125	0.6329	0.7631	0.8186	0.8395	0.8494	0.8553	0.8603	0.8658	0.8706	0.8738	0.8759	0.8779	0.8787	0.8817	0.8842	0.8852	0.8883	0
197	Orange_97	0	0	0	0	96.86	0	0.08154	0.0701	0.06153	0.05778	0.05298	0.04542	0.03961	0.03515	0.03176	0.02971	0.02893	0.02923	0.03107	0.03433	0.03961	0.05069	0.08863	0.2006	0.4094	0.6299	0.7606	0.816	0.8371	0.8471	0.8532	0.8584	0.8639	0.8689	0.8722	0.8742	0.8766	0.8774	0.8804	0.8829	0.884	0.8869	0
198	Orange_98	0	0	0	0	98.04	0	0.07806	0.0689	0.0613	0.05686	0.05199	0.0443	0.03872	0.03435	0.03125	0.02936	0.0285	0.02885	0.03072	0.03389	0.03919	0.05009	0.08757	0.1987	0.407	0.6279	0.7591	0.815	0.8363	0.8462	0.8523	0.8574	0.8629	0.8679	0.8715	0.8736	0.8757	0.8765	0.8797	0.8823	0.8832	0.8861	0
199	Orange_99	0	0	0	0	98.82	0	0.07957	0.06828	0.06029	0.05547	0.05087	0.04381	0.03804	0.03381	0.03078	0.029	0.02814	0.02852	0.03027	0.03355	0.03866	0.04934	0.08638	0.197	0.405	0.6263	0.7582	0.8146	0.8361	0.8461	0.8521	0.8571	0.8627	0.8678	0.8712	0.8734	0.8754	0.8764	0.8795	0.8821	0.8829	0.8858	0
200	Orange_100	0	0	0	0	100	0	0.07839	0.06829	0.06054	0.05675	0.0512	0.04396	0.03809	0.03402	0.0309	0.02906	0.02832	0.0286	0.03046	0.0337	0.03876	0.04955	0.08663	0.1969	0.4045	0.6252	0.7568	0.8131	0.8346	0.8448	0.8509	0.8561	0.8618	0.8669	0.8703	0.8725	0.8747	0.8757	0.8788	0.8814	0.8824	0.8851	0
201	Green_0	0	0	0	0	0	0	0.4461	0.4995	0.5688	0.705	0.8383	0.8781	0.8876	0.8832	0.8757	0.8721	0.869	0.8672	0.8661	0.8657	0.8663	0.8647	0.8651	0.8657	0.8649	0.8688	0.8698	0.8725	0.8753	0.8796	0.884	0.8885	0.8945	0.9	0.9041	0.9067	0.9089	0.9101	0.9137	0.9159	0.9178	0.9204	0
202	Green_1	0	0	0	0	0	1.18	0.419	0.4701	0.5327	0.6553	0.7723	0.8037	0.8131	0.8088	0.8031	0.8137	0.8332	0.8443	0.8465	0.8451	0.8416	0.8342	0.8265	0.8172	0.8055	0.7997	0.7938	0.7917	0.7903	0.7914	0.7946	0.7987	0.8051	0.8124	0.8187	0.8219	0.8228	0.8219	0.8217	0.8222	0.8265	0.8361	0
203	Green_3	0	0	0	0	0	3.14	0.3735	0.4231	0.4765	0.5729	0.659	0.6762	0.686	0.681	0.6777	0.7152	0.7751	0.8093	0.8173	0.814	0.804	0.7855	0.7634	0.7365	0.7052	0.6815	0.6629	0.652	0.6431	0.6389	0.6397	0.6435	0.6508	0.6613	0.6719	0.6766	0.675	0.6702	0.664	0.6608	0.6701	0.6922	0
204	Green_5	0	0	0	0	0	5.1	0.3187	0.3693	0.4148	0.4923	0.5572	0.5646	0.576	0.5695	0.5678	0.6281	0.723	0.7776	0.7908	0.7856	0.7687	0.7403	0.7054	0.6628	0.6149	0.5762	0.5475	0.5297	0.5154	0.5074	0.5075	0.5114	0.5197	0.5333	0.5479	0.5543	0.5513	0.5436	0.533	0.5273	0.5404	0.5722	0
205	Green_7	0	0	0	0	0	7.06	0.2807	0.3272	0.3676	0.4284	0.4729	0.4729	0.4846	0.4783	0.4786	0.5547	0.6756	0.7464	0.7644	0.7581	0.7362	0.7	0.6555	0.6016	0.5426	0.4944	0.4591	0.4373	0.4199	0.4097	0.4089	0.4129	0.4216	0.4367	0.4536	0.4605	0.4566	0.4475	0.4342	0.4277	0.4427	0.4799	0
206	Green_9	0	0	0	0	0	9.02	0.2465	0.2916	0.3267	0.3771	0.4105	0.4056	0.4172	0.4106	0.4122	0.4974	0.6354	0.7183	0.7395	0.7318	0.7057	0.663	0.611	0.5496	0.4833	0.4293	0.3908	0.3669	0.348	0.337	0.3359	0.3398	0.3485	0.3646	0.3823	0.3894	0.3852	0.3752	0.3611	0.3537	0.3696	0.4097	0
207	Green_11	0	0	0	0	0	10.98	0.2168	0.2607	0.2914	0.333	0.3563	0.3481	0.3608	0.3539	0.3559	0.4483	0.6001	0.6935	0.7178	0.7087	0.6783	0.6303	0.5723	0.5048	0.433	0.3752	0.3347	0.3098	0.2902	0.2787	0.2775	0.2814	0.2901	0.3062	0.3244	0.3313	0.3273	0.3175	0.3028	0.2952	0.3119	0.3535	0
208	Green_13	0	0	0	0	0	12.94	0.1936	0.2338	0.2629	0.2966	0.313	0.3029	0.3151	0.3087	0.3113	0.4073	0.5687	0.6708	0.698	0.6879	0.6546	0.6024	0.5399	0.4683	0.3931	0.3331	0.2918	0.2665	0.2468	0.2352	0.234	0.2378	0.2462	0.2622	0.2802	0.2875	0.2832	0.2729	0.2581	0.2506	0.2672	0.3092	0
209	Green_15	0	0	0	0	0	14.9	0.1721	0.2119	0.237	0.265	0.2763	0.2648	0.2768	0.2705	0.2733	0.3719	0.5414	0.651	0.6806	0.6697	0.6333	0.5769	0.5104	0.4349	0.3572	0.2957	0.254	0.2287	0.2093	0.1979	0.1967	0.2005	0.2087	0.2243	0.2424	0.2495	0.2451	0.235	0.2204	0.2129	0.2294	0.2715	0
210	Green_17	0	0	0	0	0	16.86	0.1547	0.1931	0.2161	0.2393	0.2461	0.2333	0.2452	0.2391	0.2423	0.3425	0.5179	0.6335	0.665	0.653	0.6142	0.5546	0.4849	0.4069	0.3275	0.2654	0.2238	0.1991	0.18	0.1689	0.1678	0.1713	0.1791	0.1943	0.2117	0.2187	0.2147	0.2049	0.1903	0.183	0.1991	0.2409	0
211	Green_20	0	0	0	0	0	20	0.1288	0.1633	0.1843	0.201	0.2022	0.1879	0.1988	0.1933	0.1971	0.2979	0.4805	0.6046	0.6392	0.626	0.583	0.5187	0.4446	0.3633	0.2823	0.2201	0.1796	0.1559	0.138	0.1278	0.1266	0.1298	0.137	0.1511	0.1676	0.1742	0.1701	0.1609	0.1475	0.1407	0.156	0.1963	0
212	Green_25	0	0	0	0	0	25.1	0.0977	0.1303	0.1465	0.1558	0.1515	0.1372	0.1474	0.1425	0.1462	0.2452	0.4338	0.5675	0.6058	0.591	0.5432	0.4734	0.3948	0.3106	0.2292	0.1686	0.1308	0.1093	0.09354	0.0845	0.08336	0.08591	0.09194	0.1041	0.1188	0.1248	0.1208	0.1126	0.1007	0.09498	0.1087	0.145	0
213	Green_30	0	0	0	0	0	30.2	0.075	0.1025	0.1167	0.1229	0.1168	0.1031	0.1119	0.1074	0.1117	0.206	0.3955	0.535	0.5758	0.5596	0.5085	0.4353	0.354	0.2691	0.1894	0.1319	0.09732	0.07843	0.06503	0.05762	0.05678	0.05888	0.0637	0.07389	0.08637	0.09165	0.08847	0.08116	0.07106	0.0664	0.07815	0.1104	0
214	Green_35	0	0	0	0	0	34.9	0.06182	0.08679	0.09814	0.1016	0.09387	0.08082	0.0887	0.08518	0.08897	0.1788	0.3665	0.5091	0.5516	0.5348	0.4818	0.4066	0.3244	0.2396	0.1621	0.1077	0.07619	0.05956	0.04813	0.0418	0.04107	0.04277	0.04682	0.05555	0.06651	0.07092	0.06803	0.06166	0.05299	0.04899	0.05922	0.08842	0
215	Green_40	0	0	0	0	0	40	0.05061	0.07125	0.08322	0.08429	0.07488	0.06283	0.07004	0.06657	0.07076	0.1553	0.3403	0.4852	0.5292	0.512	0.4572	0.3804	0.2976	0.2137	0.1388	0.08791	0.05951	0.04504	0.0354	0.03036	0.02976	0.0311	0.03438	0.04151	0.05069	0.05452	0.05198	0.04653	0.03925	0.03635	0.0453	0.07061	0
216	Green_45	0	0	0	0	0	45.1	0.04256	0.06152	0.06946	0.06936	0.06072	0.04969	0.05583	0.05275	0.0565	0.1352	0.3161	0.4624	0.5077	0.4896	0.4331	0.3551	0.2722	0.1898	0.1182	0.07127	0.04633	0.03409	0.02619	0.02226	0.02166	0.02273	0.02529	0.03108	0.03869	0.04191	0.0398	0.03521	0.02934	0.02722	0.03469	0.05664	0
217	Green_50	0	0	0	0	0	50.2	0.03382	0.05215	0.05847	0.05768	0.04883	0.03914	0.04435	0.04172	0.04564	0.119	0.2952	0.4428	0.4893	0.4706	0.4126	0.3338	0.2509	0.17	0.1015	0.05835	0.0363	0.026	0.01959	0.01637	0.01605	0.01681	0.01885	0.02349	0.02967	0.03227	0.0303	0.02678	0.02203	0.0203	0.02653	0.04583	0
218	Green_55	0	0	0	0	0	54.9	0.02976	0.04509	0.05026	0.04781	0.04035	0.03152	0.03613	0.03397	0.03769	0.1063	0.2783	0.4262	0.4732	0.4542	0.3953	0.3158	0.2333	0.1544	0.08889	0.04905	0.02954	0.02064	0.01546	0.01305	0.01269	0.01328	0.01487	0.01846	0.02379	0.02593	0.02447	0.02128	0.01744	0.01632	0.02191	0.03843	0
219	Green_60	0	0	0	0	0	60	0.02538	0.0371	0.04249	0.03951	0.03261	0.02487	0.02866	0.02696	0.03049	0.0937	0.2601	0.4077	0.4556	0.4366	0.3773	0.2976	0.2158	0.1387	0.07677	0.04029	0.02323	0.01596	0.01181	0.009912	0.00965	0.01002	0.01118	0.01409	0.01832	0.01998	0.01872	0.01608	0.01302	0.01241	0.01704	0.03114	0
220	Green_65	0	0	0	0	0	65.1	0.01923	0.03169	0.03562	0.03315	0.02624	0.0201	0.02308	0.02171	0.02501	0.08313	0.2441	0.3909	0.4394	0.42	0.3602	0.2807	0.1999	0.1251	0.06655	0.03345	0.01869	0.01272	0.009417	0.00795	0.007806	0.008003	0.008823	0.01107	0.01436	0.01569	0.01469	0.01278	0.01028	0.009852	0.01375	0.02582	0
221	Green_70	0	0	0	0	0	70.2	0.01794	0.02886	0.03115	0.02812	0.02208	0.01672	0.01852	0.01747	0.02049	0.07346	0.2287	0.3754	0.425	0.4055	0.345	0.2653	0.1851	0.1123	0.05731	0.02752	0.01501	0.01013	0.007761	0.006594	0.006467	0.006712	0.007186	0.008841	0.01134	0.0125	0.01145	0.009859	0.008376	0.008102	0.01115	0.0211	0
222	Green_75	0	0	0	0	0	74.9	0.01585	0.02582	0.02734	0.02399	0.01826	0.01407	0.0151	0.01422	0.0173	0.06629	0.2163	0.362	0.4116	0.3919	0.331	0.2514	0.1722	0.1017	0.04996	0.02311	0.01238	0.00839	0.00654	0.005617	0.005566	0.005732	0.006026	0.007239	0.009209	0.01007	0.009305	0.008045	0.006869	0.007113	0.009517	0.01799	0
223	Green_80	0	0	0	0	0	80	0.01177	0.02119	0.02366	0.02092	0.01552	0.01203	0.01316	0.01216	0.0152	0.06155	0.2081	0.3527	0.4023	0.3824	0.3214	0.2421	0.1639	0.0949	0.04524	0.02027	0.0106	0.007253	0.005804	0.005113	0.004988	0.005077	0.005274	0.006237	0.007782	0.008521	0.007874	0.006793	0.005976	0.006121	0.00827	0.0159	0
224	Green_83	0	0	0	0	0	83.14	0.01059	0.01905	0.02137	0.01919	0.01373	0.0104	0.01162	0.01089	0.01387	0.05817	0.2017	0.3453	0.3948	0.3749	0.3141	0.2351	0.1576	0.09008	0.04217	0.01852	0.009634	0.006625	0.005309	0.004776	0.00472	0.00478	0.004945	0.005675	0.007074	0.007674	0.007063	0.006114	0.005325	0.005724	0.007807	0.01481	0
225	Green_85	0	0	0	0	0	85.1	0.01062	0.01924	0.02145	0.01848	0.01396	0.01045	0.01136	0.01063	0.01352	0.05675	0.1986	0.3415	0.391	0.3711	0.3102	0.2317	0.1547	0.08787	0.04082	0.01778	0.009321	0.006405	0.005155	0.004688	0.004584	0.004667	0.004753	0.005501	0.006784	0.007287	0.006769	0.005876	0.005101	0.005441	0.007405	0.01408	0
226	Green_86	0	0	0	0	0	85.88	0.01296	0.02116	0.02157	0.01902	0.0144	0.01082	0.0117	0.01113	0.01376	0.05642	0.197	0.3394	0.3886	0.3685	0.3078	0.2296	0.153	0.08674	0.04026	0.01767	0.009349	0.006722	0.005489	0.004908	0.004916	0.005005	0.005171	0.00585	0.00713	0.007699	0.00708	0.006359	0.005507	0.005882	0.007706	0.01428	0
227	Green_87	0	0	0	0	0	87.06	0.01099	0.01969	0.02099	0.01823	0.01388	0.0105	0.01138	0.01063	0.01348	0.05534	0.1948	0.3367	0.386	0.3659	0.3052	0.2269	0.1506	0.08489	0.03904	0.01702	0.009077	0.006403	0.005379	0.004883	0.004796	0.004851	0.004895	0.005656	0.006847	0.007253	0.006783	0.005921	0.005189	0.005749	0.007635	0.01407	0
228	Green_88	0	0	0	0	0	87.84	0.01157	0.0197	0.02146	0.01901	0.01362	0.01039	0.01096	0.01024	0.0129	0.05442	0.1939	0.336	0.3857	0.3655	0.3044	0.2261	0.1498	0.08419	0.03847	0.0167	0.008876	0.006326	0.005376	0.004711	0.004677	0.004688	0.004847	0.005499	0.006631	0.007084	0.006547	0.005703	0.005217	0.005675	0.00754	0.01381	0
229	Green_89	0	0	0	0	0	89.02	0.01191	0.01923	0.02046	0.01723	0.01281	0.009795	0.01028	0.009589	0.01223	0.05306	0.1912	0.333	0.3827	0.3629	0.3019	0.2237	0.1476	0.08239	0.03731	0.01604	0.008433	0.005953	0.004979	0.004527	0.004468	0.004473	0.004509	0.005144	0.006225	0.006564	0.006057	0.005404	0.004819	0.005252	0.007034	0.01315	0
230	Green_90	0	0	0	0	0	90.2	0.009562	0.01785	0.01948	0.01589	0.01212	0.009361	0.009711	0.009115	0.01179	0.05184	0.1892	0.331	0.3806	0.3606	0.2997	0.2214	0.1456	0.08072	0.03625	0.01538	0.008078	0.005677	0.004763	0.004336	0.004353	0.004401	0.004398	0.004943	0.006061	0.006367	0.005975	0.005125	0.004683	0.005123	0.006938	0.01288	0
231	Green_91	0	0	0	0	0	90.98	0.01094	0.01745	0.01863	0.01579	0.01185	0.008678	0.009212	0.008885	0.01153	0.05076	0.1869	0.3282	0.3778	0.3577	0.2967	0.2187	0.1432	0.07894	0.03513	0.0148	0.007759	0.005557	0.004756	0.00431	0.004211	0.004215	0.004206	0.00485	0.005784	0.006028	0.005496	0.004713	0.004407	0.005003	0.006655	0.01247	0
232	Green_92	0	0	0	0	0	92.16	0.01034	0.01755	0.01774	0.01516	0.01089	0.008273	0.009099	0.008619	0.01114	0.04988	0.1851	0.3262	0.376	0.356	0.2949	0.2168	0.1414	0.07747	0.03425	0.01435	0.007548	0.005422	0.004639	0.004284	0.004166	0.004246	0.004178	0.004635	0.005623	0.005892	0.005347	0.004739	0.004425	0.004956	0.006498	0.01207	0
233	Green_93	0	0	0	0	0	92.94	0.007657	0.01608	0.01769	0.01445	0.01057	0.008266	0.008622	0.008117	0.01084	0.04914	0.1835	0.3246	0.3742	0.3541	0.2928	0.2149	0.1397	0.07625	0.03348	0.01395	0.007336	0.00526	0.004434	0.004237	0.004218	0.00408	0.00406	0.004477	0.005319	0.005711	0.005234	0.004528	0.004156	0.004782	0.006224	0.01152	0
234	Green_94	0	0	0	0	0	94.12	0.007901	0.01525	0.01741	0.01464	0.01052	0.008082	0.008433	0.008046	0.01053	0.04809	0.1818	0.3224	0.3721	0.3519	0.2907	0.2127	0.1379	0.07497	0.03272	0.01364	0.007272	0.005313	0.004539	0.004156	0.004103	0.004082	0.00405	0.004532	0.00534	0.005603	0.005276	0.004436	0.004202	0.004876	0.006346	0.01164	0
235	Green_95	0	0	0	0	0	94.9	0.01027	0.01618	0.01687	0.01439	0.01047	0.007767	0.00845	0.008032	0.01035	0.04773	0.1807	0.3213	0.3711	0.3507	0.2893	0.2114	0.1366	0.07388	0.03205	0.01325	0.006988	0.005102	0.004477	0.004125	0.004175	0.00412	0.003989	0.00442	0.005185	0.005332	0.00488	0.004335	0.004114	0.004861	0.006329	0.01141	0
236	Green_96	0	0	0	0	0	96.08	0.01014	0.01553	0.01621	0.0137	0.009303	0.007385	0.008128	0.0078	0.01023	0.04637	0.1779	0.318	0.3678	0.3477	0.2865	0.2087	0.1343	0.07206	0.03102	0.01275	0.006777	0.005068	0.0044	0.004125	0.004097	0.00406	0.003955	0.004341	0.004934	0.005217	0.00489	0.004422	0.004166	0.004792	0.006138	0.01108	0
237	Green_97	0	0	0	0	0	96.86	0.00968	0.01524	0.01689	0.01363	0.01023	0.007712	0.007877	0.007483	0.009997	0.04606	0.177	0.3168	0.3666	0.3464	0.2852	0.2076	0.1333	0.07138	0.03065	0.01262	0.006698	0.005003	0.004336	0.004161	0.004145	0.00407	0.00404	0.004437	0.005154	0.005117	0.004739	0.004267	0.004109	0.004844	0.006258	0.01104	0
238	Green_98	0	0	0	0	0	98.04	0.01051	0.0151	0.01592	0.01343	0.01003	0.008009	0.007926	0.007469	0.01005	0.04497	0.1743	0.3137	0.3634	0.343	0.2818	0.2044	0.1307	0.06955	0.02969	0.01222	0.006673	0.005064	0.004599	0.004214	0.004209	0.004256	0.0042	0.004419	0.004956	0.005213	0.004814	0.00436	0.004294	0.004923	0.006321	0.01086	0
239	Green_99	0	0	0	0	0	98.82	0.009069	0.01415	0.01447	0.01255	0.009602	0.007164	0.007108	0.006791	0.009377	0.04386	0.1724	0.3115	0.3614	0.3413	0.2801	0.2027	0.1291	0.06827	0.02871	0.01169	0.006294	0.00471	0.004184	0.003949	0.003859	0.00392	0.00385	0.004099	0.004685	0.004789	0.004388	0.004044	0.003718	0.00444	0.005828	0.01025	0
240	Green_100	0	0	0	0	0	100	0.01028	0.01493	0.01505	0.01248	0.01003	0.007636	0.007417	0.007128	0.009563	0.04329	0.1705	0.3091	0.359	0.3388	0.2776	0.2005	0.1272	0.06697	0.02807	0.01143	0.006259	0.004806	0.004443	0.004204	0.004165	0.004184	0.00401	0.004221	0.004743	0.004701	0.004474	0.004097	0.004045	0.004669	0.005946	0.01037	0
END_DATA
