CMYK-Advanced Target Solvent
LGOROWLENGTH	"21"
ORIGINATOR	"ColorGATE"
DESCRIPTOR	"CMYK-Advanced Target Solvent"
KEYWORD	"INFO"
INFO	"Linearization target for solvent printers with an accurate characteristic in the ranges 0..30% and 80..100%."
INSTRUMENTATION	"Barbieri Spectro LFP"
KEYWORD	"ILLUMINATION_NAME"
ILLUMINATION_NAME	"D50"
KEYWORD	"OBSERVER_ANGLE"
OBSERVER_ANGLE	"2"
NUMBER_OF_FIELDS	"42"
NUMBER_OF_SETS	"84"
BEGIN_DATA_FORMAT
SAMPLE_ID	SAMPLE_NAME	CMYK_C	CMYK_M	CMYK_Y	CMYK_K	SPECTRAL_NM_380	SPECTRAL_NM_390	SPECTRAL_NM_400	SPECTRAL_NM_410	SPECTRAL_NM_420	SPECTRAL_NM_430	SPECTRAL_NM_440	SPECTRAL_NM_450	SPECTRAL_NM_460	SPECTRAL_NM_470	SPECTRAL_NM_480	SPECTRAL_NM_490	SPECTRAL_NM_500	SPECTRAL_NM_510	SPECTRAL_NM_520	SPECTRAL_NM_530	SPECTRAL_NM_540	SPECTRAL_NM_550	SPECTRAL_NM_560	SPECTRAL_NM_570	SPECTRAL_NM_580	SPECTRAL_NM_590	SPECTRAL_NM_600	SPECTRAL_NM_610	SPECTRAL_NM_620	SPECTRAL_NM_630	SPECTRAL_NM_640	SPECTRAL_NM_650	SPECTRAL_NM_660	SPECTRAL_NM_670	SPECTRAL_NM_680	SPECTRAL_NM_690	SPECTRAL_NM_700	SPECTRAL_NM_710	SPECTRAL_NM_720	SPECTRAL_NM_730
END_DATA_FORMAT
BEGIN_DATA
1	Cyan_0	0	0	0	0	0.4667	0.5177	0.6206	0.7423	0.8418	0.8837	0.8959	0.8982	0.8995	0.8981	0.8934	0.8869	0.8782	0.8704	0.8655	0.8611	0.8578	0.8546	0.848	0.8458	0.8414	0.839	0.8383	0.8397	0.8434	0.8478	0.8543	0.8621	0.8702	0.8774	0.8837	0.8886	0.8941	0.8982	0.8997	0.9027
4	Cyan_5	5.1	0	0	0	0.4228	0.4839	0.5962	0.723	0.8254	0.8711	0.889	0.8952	0.8978	0.8965	0.8914	0.8833	0.8723	0.8602	0.848	0.8323	0.8128	0.7869	0.7516	0.7231	0.7009	0.6873	0.677	0.6707	0.6716	0.6763	0.6858	0.701	0.7181	0.7289	0.7315	0.7285	0.7235	0.7208	0.7291	0.7545
7	Cyan_10	10.98	0	0	0	0.3748	0.4513	0.5717	0.7013	0.8042	0.8543	0.8792	0.8894	0.8933	0.8924	0.8861	0.8769	0.8638	0.8471	0.827	0.7995	0.7641	0.7174	0.6585	0.6093	0.5739	0.5528	0.5358	0.5243	0.5234	0.5286	0.5396	0.56	0.5832	0.5966	0.5966	0.5881	0.5758	0.5675	0.58	0.621
9	Cyan_15	14.9	0	0	0	0.3561	0.4342	0.5567	0.6865	0.7903	0.8415	0.8695	0.8826	0.8864	0.8857	0.8791	0.8691	0.8548	0.836	0.8121	0.7787	0.7359	0.6801	0.6115	0.5547	0.5152	0.4913	0.4722	0.4593	0.458	0.463	0.4751	0.4968	0.5217	0.5355	0.5343	0.524	0.5089	0.4991	0.5127	0.5585
11	Cyan_20	20	0	0	0	0.3308	0.4147	0.5402	0.6701	0.7738	0.8274	0.8597	0.8753	0.8802	0.8796	0.8729	0.8622	0.8463	0.8244	0.7951	0.754	0.7007	0.6332	0.5529	0.4871	0.4425	0.4161	0.395	0.3806	0.3786	0.384	0.3961	0.4189	0.4456	0.4598	0.4571	0.4445	0.4264	0.4145	0.4293	0.4801
12	Cyan_25	25.1	0	0	0	0.3006	0.3923	0.5207	0.6518	0.7549	0.8104	0.847	0.8662	0.8722	0.8709	0.8637	0.8513	0.8335	0.8084	0.7738	0.7258	0.6639	0.5867	0.4973	0.4248	0.3765	0.3482	0.3256	0.3102	0.3078	0.3133	0.3256	0.3493	0.377	0.3918	0.3884	0.3746	0.3547	0.3411	0.3561	0.4093
13	Cyan_30	30.2	0	0	0	0.276	0.3719	0.5033	0.6349	0.7374	0.7955	0.8352	0.8572	0.8641	0.8627	0.8551	0.8414	0.8212	0.7928	0.7531	0.6984	0.6287	0.543	0.4461	0.3686	0.318	0.2888	0.2658	0.25	0.2477	0.2532	0.2656	0.2895	0.3177	0.3329	0.3292	0.3146	0.2937	0.2794	0.2945	0.3499
14	Cyan_35	34.9	0	0	0	0.2526	0.3536	0.4887	0.6208	0.7237	0.7843	0.8282	0.8528	0.8604	0.8592	0.8507	0.8356	0.8136	0.7819	0.7374	0.676	0.5986	0.5054	0.4023	0.3215	0.2699	0.2404	0.2176	0.2022	0.1999	0.2057	0.218	0.2418	0.2701	0.2852	0.2809	0.266	0.2449	0.2304	0.2457	0.3021
15	Cyan_40	40	0	0	0	0.2268	0.3317	0.4696	0.6033	0.7058	0.7695	0.8182	0.8467	0.8556	0.8546	0.8452	0.8288	0.8046	0.769	0.718	0.6486	0.5622	0.4606	0.3519	0.2689	0.2176	0.1891	0.1674	0.153	0.1514	0.1571	0.1692	0.1924	0.2202	0.235	0.2305	0.2155	0.1947	0.181	0.1968	0.2545
16	Cyan_45	45.1	0	0	0	0.1936	0.3012	0.4426	0.5771	0.6798	0.7472	0.8025	0.8364	0.8474	0.8471	0.8372	0.819	0.7922	0.7521	0.6937	0.6146	0.5177	0.4075	0.2944	0.2111	0.1618	0.1353	0.1157	0.1033	0.1021	0.1075	0.1187	0.1404	0.1669	0.1812	0.1765	0.1623	0.1427	0.13	0.1459	0.2039
17	Cyan_50	50.2	0	0	0	0.1585	0.2646	0.4058	0.5391	0.6399	0.7121	0.7762	0.8163	0.8294	0.8295	0.8191	0.7989	0.7687	0.723	0.6553	0.5649	0.4577	0.3409	0.2278	0.1492	0.1055	0.08348	0.06803	0.05841	0.05777	0.06219	0.0712	0.0891	0.1119	0.1245	0.1206	0.1081	0.09131	0.08131	0.09562	0.1497
18	Cyan_55	54.9	0	0	0	0.1336	0.2398	0.3791	0.5101	0.6083	0.6828	0.7542	0.7999	0.8143	0.8139	0.8015	0.7783	0.7436	0.6916	0.6155	0.5163	0.4023	0.2836	0.1751	0.1046	0.06835	0.05104	0.03966	0.033	0.03252	0.03554	0.04193	0.05496	0.07246	0.08252	0.07932	0.06955	0.05663	0.04914	0.06068	0.1051
19	Cyan_60	60	0	0	0	0.1073	0.2103	0.3504	0.4799	0.5756	0.6526	0.7321	0.7845	0.8014	0.8017	0.7877	0.761	0.7216	0.6621	0.5766	0.4688	0.3491	0.2301	0.1285	0.06822	0.04037	0.02834	0.02112	0.01712	0.01686	0.01856	0.02235	0.03055	0.04211	0.04881	0.04628	0.03946	0.03116	0.02679	0.03478	0.06698
20	Cyan_65	65.1	0	0	0	0.08495	0.1792	0.3138	0.4408	0.5348	0.6154	0.7031	0.7627	0.7817	0.7815	0.7651	0.734	0.6885	0.6215	0.5283	0.416	0.2969	0.1836	0.09283	0.04373	0.02371	0.01604	0.01181	0.009708	0.009624	0.01048	0.01257	0.01744	0.02454	0.0288	0.02713	0.02271	0.01764	0.01544	0.02096	0.04444
21	Cyan_70	70.2	0	0	0	0.06548	0.1472	0.2731	0.3925	0.4817	0.5642	0.66	0.7267	0.7485	0.7485	0.7295	0.6935	0.6419	0.5676	0.4685	0.3546	0.2403	0.1381	0.06274	0.02628	0.01327	0.008834	0.006595	0.005584	0.005579	0.006051	0.007083	0.009635	0.01371	0.01623	0.01525	0.01261	0.009854	0.008872	0.01232	0.02786
22	Cyan_75	74.9	0	0	0	0.04911	0.119	0.2366	0.3518	0.4381	0.5227	0.628	0.7033	0.7278	0.7277	0.7061	0.6656	0.608	0.5266	0.4202	0.3033	0.1922	0.1002	0.03962	0.01454	0.007094	0.004998	0.004078	0.003701	0.003728	0.003907	0.004249	0.005382	0.007366	0.008583	0.008188	0.006823	0.005702	0.005543	0.007439	0.01653
23	Cyan_80	80	0	0	0	0.03653	0.09356	0.2012	0.3101	0.3921	0.4789	0.5936	0.6767	0.7039	0.7032	0.6784	0.6326	0.5691	0.4815	0.3706	0.254	0.1492	0.06983	0.02391	0.008056	0.004275	0.003455	0.003032	0.003019	0.003181	0.003181	0.003298	0.00372	0.004532	0.005094	0.004969	0.004421	0.004123	0.004312	0.005602	0.01065
25	Cyan_85	85.1	0	0	0	0.02666	0.07038	0.1625	0.2624	0.3404	0.4277	0.549	0.6408	0.6704	0.6696	0.6424	0.5917	0.5229	0.4302	0.3172	0.2039	0.1091	0.04471	0.01312	0.004505	0.002895	0.002597	0.002587	0.002596	0.002666	0.002739	0.002722	0.002755	0.003082	0.003369	0.003282	0.003017	0.003229	0.003515	0.004173	0.006685
30	Cyan_90	90.2	0	0	0	0.01998	0.05147	0.1304	0.2224	0.2963	0.3846	0.5135	0.612	0.6445	0.644	0.6131	0.5582	0.4848	0.3883	0.2735	0.1636	0.07871	0.02785	0.007244	0.002903	0.002378	0.002319	0.002182	0.002431	0.00254	0.002432	0.002505	0.00255	0.002685	0.002633	0.002782	0.00283	0.002896	0.003283	0.003767	0.005097
35	Cyan_95	94.9	0	0	0	0.01581	0.04026	0.1084	0.1932	0.2638	0.3516	0.484	0.5872	0.6215	0.6209	0.5886	0.5307	0.4544	0.3558	0.2411	0.1357	0.05934	0.01853	0.004599	0.002328	0.002096	0.00211	0.002066	0.002246	0.002439	0.002415	0.002371	0.002303	0.002264	0.002332	0.002436	0.002397	0.002491	0.00306	0.003523	0.004436
40	Cyan_100	100	0	0	0	0.01546	0.03345	0.08979	0.1687	0.2368	0.3236	0.4573	0.5647	0.6008	0.601	0.5674	0.5074	0.4293	0.3293	0.2155	0.1144	0.04581	0.01301	0.003531	0.002278	0.002196	0.002257	0.002279	0.002432	0.002555	0.002558	0.002456	0.002414	0.002465	0.002456	0.002503	0.002572	0.002805	0.003239	0.003574	0.004216
41	Magenta_0	0	0	0	0	0.468	0.5195	0.6226	0.7448	0.8449	0.8882	0.9007	0.9031	0.9047	0.9037	0.8993	0.893	0.8841	0.8761	0.8711	0.8665	0.8628	0.8594	0.8525	0.8501	0.8457	0.8433	0.8427	0.8442	0.848	0.8525	0.8589	0.8668	0.8751	0.8824	0.889	0.894	0.8999	0.9041	0.9058	0.9088
44	Magenta_5	0	5.1	0	0	0.4553	0.5084	0.6099	0.7297	0.8255	0.8631	0.8688	0.8614	0.8531	0.8384	0.8178	0.8015	0.7873	0.7637	0.741	0.741	0.7479	0.7312	0.7178	0.746	0.7882	0.8172	0.8304	0.8367	0.8424	0.8473	0.8543	0.8625	0.8712	0.8785	0.8851	0.8902	0.8963	0.9008	0.9025	0.9054
47	Magenta_10	0	10.98	0	0	0.4423	0.4972	0.5997	0.7154	0.8064	0.8384	0.8364	0.8204	0.8029	0.7762	0.7419	0.7185	0.7005	0.6652	0.6297	0.6328	0.6473	0.6213	0.6029	0.652	0.7311	0.789	0.8165	0.8283	0.8358	0.8419	0.8496	0.8585	0.8677	0.8755	0.8825	0.8878	0.894	0.8989	0.9006	0.904
49	Magenta_15	0	14.9	0	0	0.4409	0.4935	0.5919	0.7049	0.7928	0.8211	0.8149	0.7934	0.77	0.7371	0.6956	0.6678	0.6483	0.6074	0.5662	0.5712	0.5896	0.5591	0.5383	0.5979	0.6967	0.7711	0.8083	0.8244	0.8329	0.8394	0.8472	0.856	0.8647	0.8728	0.8799	0.8854	0.8916	0.8959	0.8974	0.9008
51	Magenta_20	0	20	0	0	0.4314	0.4855	0.5817	0.6907	0.7748	0.7981	0.7867	0.7597	0.7303	0.6898	0.6405	0.6096	0.5884	0.5423	0.4956	0.5024	0.5245	0.49	0.4667	0.5364	0.6553	0.7483	0.7962	0.8169	0.827	0.8335	0.841	0.8494	0.858	0.8651	0.8715	0.8763	0.8821	0.886	0.8882	0.8916
52	Magenta_25	0	25.1	0	0	0.4228	0.4752	0.5719	0.6786	0.7579	0.778	0.7616	0.7298	0.6957	0.6492	0.5945	0.5601	0.5375	0.4872	0.436	0.4439	0.4686	0.4309	0.4058	0.4827	0.6173	0.7249	0.7818	0.8068	0.818	0.8254	0.833	0.8414	0.8504	0.8576	0.8645	0.8694	0.8748	0.8792	0.881	0.8846
53	Magenta_30	0	30.2	0	0	0.4164	0.4692	0.5625	0.6654	0.7416	0.7586	0.7392	0.7033	0.6655	0.6147	0.555	0.5182	0.4944	0.4413	0.3874	0.3965	0.4232	0.3834	0.3571	0.4395	0.5877	0.7079	0.772	0.8003	0.8128	0.8203	0.8281	0.8366	0.8455	0.8529	0.8599	0.8647	0.8702	0.8743	0.8764	0.8797
54	Magenta_35	0	34.9	0	0	0.4118	0.464	0.5557	0.6527	0.7237	0.737	0.7129	0.6728	0.6309	0.5752	0.5105	0.4712	0.4465	0.3907	0.3343	0.3444	0.3732	0.3315	0.3042	0.3928	0.5573	0.6936	0.7669	0.7993	0.813	0.8207	0.8283	0.8363	0.8448	0.852	0.8585	0.863	0.8681	0.8718	0.8733	0.8764
55	Magenta_40	0	40	0	0	0.3991	0.4515	0.5397	0.6335	0.6989	0.7078	0.6802	0.6357	0.59	0.53	0.4608	0.42	0.3949	0.3374	0.2799	0.2906	0.321	0.2786	0.2512	0.3442	0.5249	0.6792	0.763	0.8	0.8152	0.8234	0.8311	0.8391	0.8476	0.8544	0.8609	0.8652	0.8699	0.8735	0.8748	0.8772
56	Magenta_45	0	45.1	0	0	0.3839	0.4356	0.5198	0.6077	0.6675	0.6713	0.6388	0.5893	0.5392	0.4751	0.4028	0.3612	0.3364	0.2792	0.2226	0.2334	0.264	0.2229	0.1965	0.2904	0.4853	0.6615	0.7599	0.8037	0.8217	0.8312	0.8398	0.8486	0.8577	0.865	0.8717	0.8763	0.8812	0.8847	0.8858	0.8882
57	Magenta_50	0	50.2	0	0	0.3694	0.4216	0.5001	0.5791	0.6294	0.6257	0.586	0.5302	0.4758	0.4087	0.3349	0.2937	0.2702	0.2162	0.1638	0.1734	0.2017	0.1646	0.1409	0.2291	0.4296	0.6286	0.7465	0.8006	0.8232	0.8355	0.846	0.8566	0.8671	0.8759	0.8839	0.8897	0.896	0.9007	0.9027	0.906
58	Magenta_55	0	54.9	0	0	0.3576	0.4095	0.4823	0.5522	0.5923	0.5805	0.5332	0.4709	0.412	0.3428	0.2695	0.2296	0.2077	0.159	0.1135	0.1214	0.1453	0.1138	0.09478	0.1725	0.3655	0.5775	0.7143	0.7788	0.8052	0.819	0.8303	0.8415	0.853	0.8627	0.8719	0.8789	0.8866	0.8927	0.8967	0.9018
59	Magenta_60	0	60	0	0	0.3398	0.3932	0.4613	0.5234	0.5551	0.5362	0.4834	0.4174	0.3569	0.288	0.2179	0.1809	0.1612	0.1185	0.08021	0.08724	0.107	0.08092	0.06634	0.1359	0.3242	0.5481	0.7018	0.7759	0.8047	0.8183	0.8285	0.8382	0.848	0.8562	0.8639	0.8697	0.8764	0.8816	0.8845	0.8887
60	Magenta_65	0	65.1	0	0	0.3176	0.3699	0.4339	0.4882	0.5123	0.4877	0.4306	0.3619	0.3007	0.2341	0.1692	0.1361	0.1188	0.08361	0.05379	0.0594	0.07473	0.05497	0.04497	0.1034	0.2804	0.5133	0.6853	0.7727	0.808	0.8244	0.836	0.8463	0.8562	0.8641	0.8714	0.8768	0.8826	0.887	0.8889	0.8919
61	Magenta_70	0	70.2	0	0	0.2704	0.321	0.3805	0.4287	0.446	0.4168	0.3586	0.2916	0.2336	0.1736	0.1174	0.09036	0.077	0.0516	0.03156	0.03517	0.04513	0.03251	0.02679	0.06836	0.218	0.4463	0.634	0.7354	0.7775	0.7975	0.8113	0.8234	0.8349	0.8444	0.8534	0.8604	0.8678	0.8735	0.8768	0.8805
62	Magenta_75	0	74.9	0	0	0.2375	0.2881	0.3435	0.3861	0.3974	0.3644	0.3048	0.2393	0.1846	0.1304	0.08265	0.06103	0.05091	0.03303	0.02007	0.0224	0.0285	0.0207	0.01782	0.04742	0.1756	0.4002	0.6037	0.7205	0.7696	0.7924	0.8077	0.8207	0.8328	0.8428	0.8523	0.8598	0.8677	0.8738	0.8773	0.8809
63	Magenta_80	0	80	0	0	0.2004	0.2489	0.3008	0.338	0.3435	0.308	0.2498	0.1883	0.1389	0.09299	0.05511	0.03911	0.03214	0.02105	0.01386	0.01519	0.01849	0.01432	0.01353	0.03289	0.1353	0.3462	0.5621	0.6972	0.7562	0.7832	0.8006	0.8151	0.8282	0.8394	0.8498	0.8581	0.867	0.8737	0.8778	0.882
65	Magenta_85	0	85.1	0	0	0.1609	0.2072	0.2568	0.2889	0.2903	0.2538	0.1976	0.141	0.09812	0.06134	0.03358	0.02301	0.01891	0.01302	0.009763	0.0104	0.01179	0.01009	0.01056	0.02242	0.1019	0.3001	0.5273	0.6763	0.743	0.7742	0.7941	0.8102	0.8246	0.8367	0.8483	0.8577	0.8673	0.8748	0.8791	0.8837
70	Magenta_90	0	90.2	0	0	0.1272	0.1713	0.215	0.2435	0.2414	0.2046	0.1525	0.1026	0.06659	0.03918	0.02025	0.01393	0.01163	0.009134	0.00814	0.008424	0.008799	0.008369	0.009378	0.01623	0.07533	0.2555	0.4907	0.6565	0.7332	0.7691	0.7916	0.8093	0.8243	0.8371	0.849	0.8595	0.87	0.878	0.8818	0.8864
75	Magenta_95	0	94.9	0	0	0.105	0.1444	0.184	0.21	0.2064	0.1711	0.1228	0.07819	0.04848	0.02726	0.01418	0.01025	0.008982	0.007817	0.007413	0.007579	0.007618	0.00762	0.00877	0.01335	0.05875	0.2214	0.457	0.6324	0.7163	0.7558	0.7805	0.7995	0.8158	0.8298	0.8425	0.8537	0.8652	0.8739	0.8783	0.8833
80	Magenta_100	0	100	0	0	0.08673	0.1224	0.1604	0.1837	0.179	0.1456	0.1008	0.06157	0.0366	0.02015	0.01093	0.008395	0.007481	0.006906	0.006981	0.007294	0.007143	0.007248	0.008299	0.01172	0.04748	0.1947	0.4287	0.6131	0.704	0.7476	0.7743	0.7947	0.8117	0.8264	0.8396	0.8516	0.8634	0.8725	0.8776	0.8828
81	Yellow_0	0	0	0	0	0.4677	0.52	0.6247	0.7474	0.8466	0.889	0.9016	0.9042	0.9057	0.9046	0.9	0.8936	0.8849	0.877	0.8718	0.8669	0.8632	0.8598	0.8528	0.8505	0.846	0.8435	0.8429	0.8443	0.8482	0.8528	0.8594	0.8673	0.8757	0.8832	0.8898	0.8949	0.9008	0.9051	0.9068	0.9098
84	Yellow_5	0	0	5.1	0	0.4288	0.4691	0.5566	0.6593	0.7434	0.7788	0.7904	0.7941	0.7972	0.7999	0.8082	0.8301	0.8535	0.8655	0.8682	0.8656	0.8629	0.8598	0.8533	0.8514	0.8468	0.8442	0.8434	0.8449	0.8489	0.8531	0.8599	0.8681	0.8765	0.8839	0.8907	0.8955	0.9014	0.9059	0.9075	0.9104
87	Yellow_10	0	0	10.98	0	0.382	0.4162	0.4892	0.5754	0.6451	0.6746	0.6849	0.6899	0.6944	0.7004	0.721	0.7708	0.8269	0.861	0.8719	0.8721	0.8701	0.8676	0.8613	0.8597	0.8553	0.8526	0.8519	0.8534	0.8573	0.8618	0.8684	0.8763	0.8852	0.8922	0.8986	0.9035	0.9095	0.9135	0.9153	0.9179
89	Yellow_15	0	0	14.9	0	0.3572	0.3839	0.4468	0.5231	0.5832	0.6079	0.6181	0.6235	0.6284	0.6359	0.6634	0.7303	0.8072	0.8561	0.8736	0.8761	0.8752	0.873	0.8671	0.8657	0.8616	0.859	0.8586	0.86	0.8638	0.8684	0.8749	0.8829	0.8911	0.8984	0.9045	0.9092	0.9146	0.9189	0.9202	0.9229
91	Yellow_20	0	0	20	0	0.3201	0.3405	0.3903	0.4517	0.5015	0.5218	0.53	0.5364	0.5419	0.5513	0.5857	0.6712	0.7741	0.8432	0.8703	0.8757	0.876	0.8747	0.8695	0.8685	0.8647	0.8624	0.862	0.8636	0.8672	0.8715	0.8775	0.8847	0.8925	0.899	0.9047	0.9087	0.9139	0.9176	0.9189	0.9212
92	Yellow_25	0	0	25.1	0	0.2927	0.3058	0.3472	0.3988	0.4405	0.4569	0.4648	0.4712	0.4772	0.4877	0.5275	0.6266	0.7487	0.8327	0.8666	0.8746	0.8753	0.8742	0.8692	0.8683	0.8642	0.8621	0.8616	0.8633	0.8667	0.8711	0.8771	0.8843	0.8925	0.8992	0.905	0.9089	0.9136	0.9173	0.9189	0.9216
93	Yellow_30	0	0	30.2	0	0.2547	0.267	0.2983	0.3393	0.3731	0.3863	0.3929	0.3998	0.4062	0.4176	0.4623	0.5746	0.7166	0.8173	0.8593	0.8696	0.8713	0.8704	0.8655	0.8647	0.8608	0.8588	0.8585	0.8604	0.864	0.8686	0.8749	0.8826	0.8912	0.8979	0.9043	0.9085	0.9136	0.9177	0.9194	0.9225
94	Yellow_35	0	0	34.9	0	0.2242	0.2276	0.2502	0.2815	0.3076	0.3179	0.3237	0.3304	0.3366	0.349	0.3968	0.5203	0.6819	0.8011	0.8523	0.866	0.8689	0.8685	0.8639	0.8631	0.8592	0.8573	0.8571	0.859	0.8625	0.867	0.8735	0.881	0.8893	0.8963	0.9024	0.9065	0.9116	0.9156	0.9173	0.9202
95	Yellow_40	0	0	40	0	0.191	0.1928	0.2089	0.2314	0.251	0.2587	0.2637	0.2692	0.2751	0.2867	0.3339	0.4627	0.6412	0.7797	0.8424	0.8602	0.864	0.8641	0.8595	0.8587	0.855	0.8531	0.8531	0.8552	0.859	0.8638	0.8705	0.8784	0.8871	0.8945	0.9011	0.9056	0.9111	0.9154	0.9176	0.9207
96	Yellow_45	0	0	45.1	0	0.1594	0.1583	0.1696	0.1857	0.2001	0.2053	0.2091	0.2143	0.2195	0.2299	0.2745	0.4052	0.5975	0.7553	0.8298	0.852	0.8571	0.8575	0.8529	0.8521	0.8484	0.8465	0.8466	0.8489	0.8529	0.8581	0.8651	0.8732	0.8826	0.8904	0.8975	0.9026	0.9082	0.9128	0.9154	0.9191
97	Yellow_50	0	0	50.2	0	0.1248	0.1218	0.1273	0.1366	0.1448	0.1479	0.1505	0.154	0.1582	0.1669	0.2066	0.3346	0.5406	0.7228	0.8143	0.8432	0.8508	0.8519	0.8477	0.8471	0.8432	0.8414	0.8415	0.8437	0.8478	0.853	0.86	0.8684	0.8774	0.8853	0.8926	0.8978	0.9034	0.9081	0.9107	0.9144
98	Yellow_55	0	0	54.9	0	0.08775	0.08363	0.08447	0.08847	0.09263	0.09397	0.09541	0.09788	0.1008	0.1081	0.1417	0.2629	0.4794	0.6874	0.799	0.8365	0.8469	0.849	0.8454	0.845	0.8416	0.8397	0.84	0.8423	0.8462	0.8513	0.8581	0.8662	0.8752	0.8827	0.8898	0.8947	0.9002	0.905	0.9075	0.911
99	Yellow_60	0	0	60	0	0.06226	0.05608	0.05508	0.05642	0.05834	0.05866	0.05922	0.06049	0.06269	0.06832	0.0951	0.2046	0.4235	0.6522	0.7832	0.8297	0.8433	0.8466	0.8433	0.8433	0.84	0.8383	0.8386	0.8408	0.8448	0.8496	0.8562	0.8641	0.8728	0.8802	0.8869	0.8917	0.897	0.9013	0.9036	0.9072
100	Yellow_65	0	0	65.1	0	0.04504	0.04017	0.03881	0.03924	0.04034	0.04052	0.04081	0.04153	0.04308	0.04692	0.06568	0.1563	0.3655	0.6097	0.762	0.8199	0.8376	0.8423	0.8396	0.8398	0.8366	0.8351	0.8355	0.8379	0.842	0.8471	0.8538	0.8619	0.8707	0.8782	0.885	0.8899	0.8954	0.8997	0.902	0.9054
101	Yellow_70	0	0	70.2	0	0.03494	0.03104	0.02877	0.02989	0.03077	0.0307	0.03069	0.03069	0.03158	0.03423	0.04615	0.1163	0.3073	0.5579	0.7277	0.7961	0.8178	0.8239	0.8216	0.8217	0.8187	0.8173	0.8176	0.82	0.824	0.8292	0.836	0.8442	0.8531	0.8606	0.8678	0.8728	0.8785	0.8831	0.8856	0.889
102	Yellow_75	0	0	74.9	0	0.02664	0.02418	0.0221	0.02332	0.02439	0.02432	0.02421	0.02403	0.02475	0.0267	0.0339	0.08647	0.2599	0.5175	0.7071	0.7876	0.8143	0.8222	0.8208	0.8213	0.8185	0.817	0.8173	0.8195	0.8235	0.8283	0.8349	0.8428	0.8514	0.8586	0.8654	0.8703	0.8758	0.8801	0.8827	0.8859
103	Yellow_80	0	0	80	0	0.02238	0.02093	0.01896	0.02048	0.02148	0.0217	0.02172	0.02143	0.02164	0.0234	0.02763	0.06463	0.215	0.4727	0.682	0.7773	0.8102	0.8205	0.8201	0.8212	0.8186	0.8173	0.8176	0.8199	0.8239	0.8289	0.8356	0.8436	0.8523	0.8595	0.8663	0.8711	0.8766	0.8808	0.883	0.8861
105	Yellow_85	0	0	85.1	0	0.01813	0.01833	0.01689	0.01845	0.02007	0.0202	0.0203	0.02012	0.02055	0.02202	0.02485	0.04987	0.1758	0.4279	0.6553	0.7664	0.8067	0.8197	0.8203	0.8219	0.8193	0.8182	0.8186	0.821	0.8252	0.8304	0.8372	0.8454	0.8543	0.8617	0.8686	0.8738	0.8792	0.8834	0.8856	0.8889
110	Yellow_90	0	0	90.2	0	0.02051	0.01958	0.01818	0.01983	0.02057	0.02109	0.02117	0.02065	0.02136	0.02283	0.02498	0.04248	0.1469	0.3904	0.6352	0.764	0.8134	0.83	0.8322	0.8346	0.8332	0.8324	0.8331	0.8354	0.8394	0.844	0.8506	0.8583	0.8665	0.8733	0.8793	0.8843	0.8898	0.8935	0.8952	0.8979
115	Yellow_95	0	0	94.9	0	0.01874	0.0187	0.01762	0.0189	0.01995	0.02038	0.02062	0.02051	0.02105	0.02227	0.02438	0.03801	0.1272	0.3586	0.6112	0.7523	0.8078	0.827	0.8299	0.8325	0.8313	0.8305	0.8311	0.8337	0.8379	0.8428	0.8495	0.8573	0.8658	0.8731	0.8794	0.8844	0.8902	0.8945	0.896	0.8991
120	Yellow_100	0	0	100	0	0.02042	0.01935	0.01826	0.01946	0.02074	0.02084	0.02089	0.02053	0.0208	0.02226	0.02427	0.0357	0.1132	0.3331	0.591	0.7431	0.8052	0.8269	0.8307	0.834	0.833	0.8327	0.8335	0.8359	0.8402	0.8449	0.8516	0.8594	0.8675	0.8748	0.8811	0.8862	0.8922	0.8963	0.8979	0.9007
121	Black_0	0	0	0	0	0.4731	0.5237	0.628	0.751	0.8503	0.8929	0.9056	0.9083	0.9099	0.9089	0.9041	0.8975	0.8888	0.881	0.8756	0.8707	0.867	0.8635	0.8565	0.8543	0.8497	0.8472	0.8465	0.848	0.8519	0.8566	0.8633	0.8716	0.88	0.8877	0.8945	0.8997	0.906	0.9102	0.9121	0.9151
124	Black_5	0	0	0	5.1	0.3679	0.4101	0.4924	0.588	0.6658	0.7022	0.7159	0.721	0.7249	0.7257	0.7227	0.719	0.7137	0.7062	0.6999	0.6979	0.6969	0.6891	0.6781	0.6786	0.6808	0.6826	0.6828	0.6841	0.6885	0.6944	0.7029	0.7138	0.7252	0.7341	0.7398	0.743	0.7455	0.748	0.7526	0.7625
127	Black_10	0	0	0	10.98	0.293	0.3306	0.3961	0.4726	0.5347	0.5648	0.5789	0.5856	0.5906	0.5924	0.5906	0.5889	0.5863	0.5797	0.5732	0.5728	0.5737	0.5643	0.5516	0.5536	0.5596	0.5634	0.564	0.565	0.5701	0.5775	0.5872	0.5999	0.6137	0.6239	0.6299	0.6326	0.6339	0.6356	0.6426	0.6582
129	Black_15	0	0	0	14.9	0.2552	0.2905	0.348	0.4146	0.469	0.4968	0.5107	0.5174	0.5229	0.5251	0.5239	0.5232	0.5219	0.5159	0.5094	0.5093	0.5107	0.5001	0.4856	0.4873	0.494	0.4978	0.4978	0.498	0.5027	0.5099	0.5197	0.5331	0.5473	0.5578	0.563	0.5645	0.564	0.5641	0.5717	0.5906
131	Black_20	0	0	0	20	0.2138	0.2437	0.293	0.3489	0.3949	0.4192	0.4319	0.4391	0.4447	0.4474	0.4469	0.4472	0.447	0.4418	0.4352	0.4363	0.4384	0.4271	0.4123	0.4144	0.4221	0.4263	0.4262	0.4262	0.4306	0.4375	0.4473	0.4607	0.4754	0.4857	0.4899	0.4902	0.488	0.4871	0.4957	0.5167
132	Black_25	0	0	0	25.1	0.1796	0.2066	0.2484	0.294	0.3325	0.3543	0.3659	0.3734	0.379	0.3814	0.3816	0.3821	0.3826	0.3777	0.3711	0.3727	0.3752	0.3635	0.3487	0.3513	0.3599	0.3645	0.3642	0.3641	0.3683	0.3755	0.3852	0.3987	0.4136	0.4238	0.4277	0.4274	0.4248	0.4233	0.4325	0.4547
133	Black_30	0	0	0	30.2	0.1541	0.1783	0.2143	0.2516	0.2846	0.3035	0.3144	0.3214	0.3268	0.3293	0.3295	0.3304	0.3309	0.3262	0.3198	0.3214	0.3244	0.3128	0.2982	0.3008	0.3094	0.3141	0.3137	0.3133	0.3172	0.3242	0.3336	0.3469	0.3616	0.3715	0.375	0.3745	0.3713	0.3696	0.3791	0.4019
134	Black_35	0	0	0	34.9	0.1335	0.1535	0.184	0.2169	0.2457	0.2624	0.2723	0.2787	0.2836	0.2858	0.2859	0.2866	0.2874	0.2826	0.276	0.2777	0.2804	0.2687	0.2544	0.2569	0.2654	0.2699	0.2695	0.2687	0.2723	0.279	0.2879	0.3007	0.315	0.3245	0.3279	0.3269	0.3234	0.3215	0.3309	0.354
135	Black_40	0	0	0	40	0.1073	0.1271	0.154	0.1817	0.2063	0.2211	0.2303	0.2357	0.2399	0.2422	0.242	0.2426	0.2434	0.2386	0.2319	0.2336	0.2365	0.225	0.2111	0.2137	0.2224	0.2269	0.2264	0.2256	0.2289	0.2352	0.2436	0.2559	0.2696	0.2785	0.2812	0.2802	0.2764	0.2742	0.2834	0.306
136	Black_45	0	0	0	45.1	0.08964	0.1053	0.13	0.1535	0.1745	0.1878	0.1959	0.2011	0.205	0.2068	0.2063	0.2068	0.2076	0.2029	0.1964	0.1982	0.2008	0.1896	0.1763	0.1788	0.1871	0.1915	0.1907	0.1898	0.1927	0.1985	0.2065	0.2181	0.231	0.2395	0.242	0.2405	0.2366	0.2344	0.2433	0.2659
137	Black_50	0	0	0	50.2	0.07168	0.08577	0.1061	0.1269	0.1439	0.1546	0.1618	0.1668	0.1704	0.1719	0.1711	0.1714	0.1719	0.1675	0.1611	0.1627	0.1652	0.1545	0.1421	0.1445	0.1525	0.1565	0.1558	0.1546	0.1573	0.1627	0.1701	0.1809	0.1931	0.2011	0.2034	0.202	0.198	0.1961	0.2047	0.2265
138	Black_55	0	0	0	54.9	0.05833	0.07005	0.08726	0.1041	0.1187	0.1279	0.1341	0.1383	0.1413	0.1426	0.1421	0.1423	0.143	0.1388	0.133	0.1346	0.1369	0.127	0.1157	0.1182	0.1258	0.1296	0.1289	0.1278	0.1301	0.1349	0.1418	0.1518	0.1629	0.1703	0.1722	0.1708	0.1672	0.1652	0.1733	0.194
139	Black_60	0	0	0	60	0.04423	0.05349	0.06707	0.08011	0.09145	0.09902	0.1041	0.1078	0.1103	0.1114	0.1108	0.1111	0.1117	0.1081	0.1029	0.1045	0.1066	0.09789	0.08828	0.09071	0.09769	0.1012	0.1006	0.09951	0.1014	0.1055	0.1114	0.1201	0.1298	0.1362	0.1378	0.1363	0.1328	0.131	0.1385	0.1572
140	Black_65	0	0	0	65.1	0.03433	0.04224	0.05231	0.06247	0.07161	0.07784	0.08209	0.08513	0.0873	0.08831	0.08785	0.08809	0.08859	0.08544	0.08101	0.08237	0.08421	0.07682	0.06881	0.07085	0.07662	0.0795	0.07883	0.07779	0.07927	0.08279	0.08794	0.0955	0.1039	0.1094	0.1106	0.109	0.1059	0.1046	0.1114	0.1281
141	Black_70	0	0	0	70.2	0.02208	0.02952	0.03789	0.04553	0.05213	0.05724	0.06059	0.06273	0.06446	0.0651	0.06458	0.06479	0.06509	0.0623	0.05863	0.05961	0.06128	0.05506	0.04852	0.05032	0.05509	0.05738	0.05675	0.05579	0.05699	0.05987	0.06416	0.0704	0.07752	0.08223	0.08309	0.08158	0.07861	0.07748	0.08339	0.09822
142	Black_75	0	0	0	74.9	0.01689	0.02178	0.02818	0.03311	0.03788	0.04189	0.04441	0.04635	0.04767	0.04807	0.04751	0.04767	0.04807	0.04576	0.04276	0.04361	0.04498	0.03987	0.03461	0.03605	0.04	0.04183	0.04119	0.0404	0.04144	0.04374	0.0472	0.05232	0.05823	0.06211	0.06275	0.06148	0.05876	0.05752	0.06262	0.07548
143	Black_80	0	0	0	80	0.01288	0.01662	0.02169	0.02557	0.02862	0.0311	0.03341	0.03454	0.03541	0.03566	0.03511	0.03501	0.03508	0.03326	0.03079	0.03137	0.03257	0.02848	0.02439	0.02577	0.02905	0.03054	0.03002	0.0294	0.03018	0.03188	0.03462	0.03869	0.04351	0.04658	0.047	0.04591	0.04368	0.0431	0.04735	0.05804
145	Black_85	0	0	0	85.1	0.008639	0.01287	0.01682	0.01817	0.01984	0.02188	0.02338	0.02429	0.02508	0.02497	0.02454	0.02446	0.02451	0.02306	0.02114	0.02157	0.02242	0.01926	0.01644	0.01741	0.01968	0.02071	0.02024	0.01967	0.02007	0.02135	0.02326	0.02619	0.02984	0.03209	0.03236	0.03143	0.02973	0.02905	0.03234	0.04106
150	Black_90	0	0	0	90.2	0.004288	0.009364	0.01223	0.01173	0.01232	0.01363	0.01397	0.0143	0.01472	0.01472	0.01431	0.0142	0.01418	0.01321	0.01211	0.01244	0.01284	0.0109	0.009433	0.01024	0.01163	0.01226	0.01191	0.01142	0.01162	0.01233	0.0135	0.01516	0.01727	0.0188	0.01879	0.01806	0.01716	0.01679	0.01909	0.02496
155	Black_95	0	0	0	94.9	0.003135	0.005158	0.006183	0.006071	0.006943	0.007441	0.007192	0.007334	0.007233	0.006974	0.006752	0.006666	0.006557	0.006005	0.005678	0.005701	0.005924	0.005254	0.004807	0.005175	0.005598	0.005816	0.005675	0.005549	0.005551	0.005666	0.006175	0.006695	0.007363	0.007967	0.008011	0.007788	0.007259	0.00733	0.008352	0.0107
160	Black_100	0	0	0	100	0.004273	0.004891	0.00504	0.004812	0.004611	0.004958	0.004862	0.004645	0.004411	0.004304	0.004136	0.004057	0.003918	0.003714	0.0037	0.003564	0.003552	0.003331	0.003399	0.00359	0.003686	0.003643	0.003611	0.003569	0.003618	0.003503	0.003519	0.003455	0.003576	0.003769	0.003725	0.003517	0.003533	0.003805	0.00409	0.004772
END_DATA
